1 0.7348406988694759 0.8396711202466598 0.7358684480986639 0.7163412127440903 0.7595066803699896 0.7183968246690349 0.7646454265159303 0.6793422404933196 0.802672147995889 0.6772867420349435 0.8119218910585818 0.6659815005138746 0.817060637204522 0.6608427543679344 0.829393627954779 0.65775950668037 0.8561151079136691 0.6515930113052416 0.9044193216855088 0.6515930113052416 0.9455292908530317 0.6505652620760535 0.9763617677286743 0.6495375128468653 0.9938335046248716 0.6505652620760535 0.9948612538540597 0.7358684480986639 0.9938335046248716 0.7646454265159303 0.9845837615621789 0.7810894141829394 0.9763617677286743 0.7995889003083247 0.9681397738951696 0.8191161562931835 0.9609455292908531 0.8314491264131552
1 0.5601233299075026 0.8006166454114557 0.6238437821171634 0.802672143869832 0.6300102774922919 0.802672143869832 0.6423432682425488 0.802672143869832 0.6526207605344296 0.80369989309902 0.656731757451182 0.8067831407865843 0.6639260020554985 0.8386433668914147 0.671120246659815 0.8406988653497909 0.6916752312435765 0.8406988653497909 0.7286742034943474 0.8417266145789789 0.7122302158273383 0.736896193201795 0.7122302158273383 0.7307296978266664 0.723535457348407 0.7040082075526338 0.7245632065775951 0.6896197286591433 0.7245632065775951 0.6639259917403559 0.7286742034943474 0.6587872517835011 0.7461459403905447 0.6505652517609108 0.7410071942446043 0.5909558026570878 0.656731757451182 0.5878725549695236 0.6608427543679344 0.6464543806888977 0.5673175745118191 0.6485098853363594 0.5632065775950668 0.7389520093665622 0.5621788283658787 0.7800620548661401
1 0.45940390544707094 0.6012332990750257 0.5354573484069887 0.6012332990750257 0.538540596094553 0.6721479958890031 0.4635149023638232 0.6762589928057554
1 0.26104830421377184 0.828365878725591 0.26104830421377184 0.8098663926002055 0.2446043165467626 0.8078108941418294 0.2394655704008222 0.6927029804727647 0.2569373072970195 0.6927029804727647 0.25590955806783144 0.68448098663926 0.3566289825282631 0.6834532374100719 0.35765673175745116 0.8047276464542652 0.35046248715313466 0.8047276464542652 0.34737923946557037 0.8304213771839671
1 0.06680369989722508 0.8232271325796505 0.07708119218910586 0.7810894141829394 0.065775950668037 0.7461459403905447 0.05755395683453238 0.7348406988694759 0.11613566289825282 0.7348406988694759 0.1685508735868448 0.7338129496402879 0.17266187050359716 0.7451182138546703 0.18191161356628982 0.7790339157245632 0.17882836587872558 0.8365878725590956
1 0.10894141829393628 0.5683453237410072 0.1366906474820144 0.5200411099691675 0.11819116135662897 0.47687564234326824 0.24357656731757452 0.4789311408016444 0.2641315519013361 0.527235354573484 0.23843782117163412 0.578622816032888
1 0.13257965056526208 0.3535457348406988 0.15621788283658788 0.3052415210688592 0.13874614594039056 0.2641315519013361 0.18602261048304214 0.26002055498458376 0.18910585817060638 0.24768756423432683 0.26104830421377184 0.249743062692703 0.26104830421377184 0.26104830421377184 0.2949640287769784 0.26515930113052416 0.30935251798561153 0.30832476875642345 0.2918807810894142 0.35868448098663924
1 0.06063720452209661 0.7050359712230215 0.07605344295991778 0.6813977389516956 0.0750256937307297 0.6628982528263104 0.07091469681397738 0.6351490236382322 0.065775950668037 0.6217882836587872 0.17985611510791366 0.6187050359712231 0.1880781089414183 0.656731757451182 0.1695786228160329 0.7091469681397738
1 0.42857142857142855 0.18910585817060638 0.5066803699897225 0.19527235354573486 0.5159301130524152 0.14182939362795477 0.5066803699897225 0.09352517985611511 0.4295991778006167 0.09146968139773895 0.4367934224049332 0.1397738951695786
1 0.1551901336073998 0.1264131551901336 0.1726618705035971 0.0883864337101747 0.15621788283658788 0.040082219938335044 0.21377183967112023 0.041109969167523124 0.21171634121274413 0.025693730729701953 0.27132579650565264 0.025693730729701953 0.2723535457348407 0.05447070914696814 0.3340184994861254 0.05549845837615622 0.3329907502569373 0.10174717368961973 0.31449126413155193 0.13771839671120248
1 0.15210688591983557 0.11819116135662897 0.1551901336073998 0.0421377183967112 0.19835560123329907 0.03802672147995889 0.19630010277492288 0.009249743062692703 0.11921891058581706 0.010277492291880781 0.11819116135662897 0.11921891058581706
1 0.6402877697841727 0.31140801231793064 0.6546762589928059 0.20863308939912287 0.7368961973278522 0.21582733400343937 0.7327852004110998 0.22404932783694403 0.7862281603288799 0.2261048262953202 0.7893114080164441 0.22302157860775595 0.9044193216855088 0.23638231858720093 0.918807810894142 0.277492287754724 0.8869475847893113 0.3227132538389995 0.7790339157245633 0.31654675846387104 0.7810894141829394 0.29290852619254526 0.7297019527235356 0.2918807769633572 0.7317574511819117 0.3175745076930591 0.7132579650565262 0.32168550460981143 0.7173689619732785 0.34635148611032535 0.6937307297019528 0.3391572415060088 0.6813977389516959 0.34121273996438495 0.6762589928057555 0.3165467708420421
1 0.7646454265159303 0.1685508735868448 0.7708119218910586 0.07605344295991778 0.7975334018499486 0.08119218910585817 0.802672147995889 0.06372045220966084 0.8232271325796505 0.06372045220966084 0.8242548818088387 0.040082219938335044 0.8982528263103802 0.043165467625899276 0.8972250770811921 0.07297019527235354 0.9362795477903392 0.07297019527235354 0.9383350462487153 0.14696813977389517 0.9126413155190134 0.1829393627954779 0.8674203494347378 0.17985611510791366 0.8674203494347378 0.18910585817060638 0.8006166495375129 0.19116135662898256 0.8006166495375129 0.16752312435765673
