1 0.09660842754367933 0.7687564234326826 0.10688591983556012 0.7245632065775951 0.09558067831449128 0.6772867420349435 0.0051387461459403904 0.68448098663926 0.015416238437821172 0.723535457348407 0.0010277492291880781 0.775950668036999
1 0.1551901336073998 0.7708119218910586 0.16649537512846865 0.7266187050359713 0.1510791366906475 0.6834532374100719 0.25590955806783144 0.6803699897225077 0.2692702980472765 0.7204522096608428 0.2517985611510791 0.7667009249743063
1 0.34224049331963 0.6269270298047277 0.4357656731757451 0.6289825282631039 0.4398766700924974 0.7564234326824255 0.3381294964028777 0.7677286742034943
1 0.4676258992805755 0.7800616649537513 0.46248715313463523 0.6351490236382322 0.5601233299075026 0.6351490236382322 0.5693730729701952 0.7687564234326826
1 0.6187050359712231 0.7451181911613566 0.7605344295991778 0.7420349434737923 0.7461459403905447 0.5477903391572456 0.6423432682425488 0.5498458376156218 0.6413155190133607 0.5960945529290853 0.6094552929085303 0.5981500513874615
1 0.8365878725590956 0.7297019527235356 0.8314491264131552 0.6022610483042138 0.9105858170606372 0.6022610483042138 0.9211325434075196 0.6356590150693406 0.9290853031860226 0.6608427543679344 0.9167523124357657 0.7276464542651593
1 0.0020554984583761563 0.040082219938335044 0.2744090441932169 0.03494347379239465 0.2805755395683453 0.237410071942446 0.0020554984583761563 0.2446043165467626
1 0.35868448098663924 0.03699897225077081 0.5580678314491264 0.03597122302158273 0.5590955806783144 0.2528263103802672 0.36382322713257964 0.2569373072970195
1 0.605344295991778 0.03597122302158273 0.6125385405960946 0.06783144912641316 0.5971223021582733 0.10688591983556012 0.5960945529290853 0.14696813977389517 0.697841726618705 0.14799588900308325 0.7060637204522097 0.05960945529290853 0.6957862281603289 0.03186022610483042
1 0.7605344295991778 0.12949640287769784 0.7595066803699896 0.025693730729701953 0.8509763617677286 0.02672147995889003 0.8499486125385406 0.11921891058581706
1 0.8602261048304214 0.14388489208633093 0.8602261048304214 0.1778006166495375 0.7718396711202467 0.18088386433710174 0.7769784172661871 0.2353545734840699 0.8602261048304214 0.23638232271325793 0.8663926002055499 0.2918807810894142 1.0 0.28365878725590954 0.997944501541624 0.13566289825282632
1 0.9218910585817061 0.5775950606146144 0.9249743062692705 0.6032887913443163 0.9218910585817061 0.6351490257012609 1.0 0.6330935251798561 0.997944501541624 0.5755395683453237
