1 0.0020554984583761563 0.2641315519013361 0.0051387461459403904 0.3484069886947585 0.09866392600205548 0.34737923946557037 0.09660842754367933 0.263103802672148
1 0.10688591983556012 0.30421377183967113 0.1223021582733813 0.3607399794450154 0.11099691675231244 0.4172661870503597 0.22404933196300103 0.41521068859198357 0.23432682425488183 0.3566289825282631 0.2209660842754368 0.30318602261048305
1 0.3771839671120247 0.30318602261048305 0.37410071942446044 0.3802672147995889 0.42343268242548826 0.3802672147995889 0.4224049331963001 0.3977389516957862 0.4902363823227132 0.3936279547790339 0.4933196300102775 0.3905447070914697 0.566289825282631 0.3905447070914697 0.5683453237410072 0.29804727646454265 0.4933196300102775 0.30318602261048305 0.4902363823227132 0.2959917780061665 0.4254881808838643 0.2970195272353546 0.42857142857142855 0.3052415210688592
1 0.2199383350462487 0.4573484069886948 0.22404933196300103 0.48098663926002055 0.2620760534429599 0.4830421377183967 0.26002055498458376 0.5570400822199383 0.41521068859198357 0.5580678314491264 0.4213771839671121 0.65775950668037 0.3720452209660843 0.65775950668037 0.36793422404933196 0.7132579650565262 0.40698869475847893 0.7153134635149023 0.40082219938335045 0.7451181911613566 0.3720452209660843 0.7512846865364851 0.36793422404933196 0.8006166495375129 0.43884892086330934 0.8036998972250771 0.44295991778006166 0.8787255909558068 0.249743062692703 0.8941418293936281 0.24254881808838644 0.9917780061664954 0.5765673175745119 0.9958890030832477 0.5693730729701952 0.828365878725591 0.5231243576567317 0.829393627954779 0.5169578622816033 0.8006166495375129 0.5477903391572456 0.7965056526207606 0.5426515930113053 0.6557040082219939 0.5251798561151079 0.6557040082219939 0.527235354573484 0.6289825282631039 0.5590955806783144 0.6269270298047277 0.5529290853031861 0.5447070914696814 0.5251798561151079 0.5467625899280576 0.5282631038026722 0.5200411099691675 0.5447070914696814 0.5200411099691675 0.5344295991778006 0.4522096608427544 0.5056526207605344 0.45118191161356624
1 0.39671120246659813 0.0051387461459403904 0.40493319630010277 0.020554984583761562 0.38643371017471734 0.04933196300102774 0.3946557040082219 0.07194244604316546 0.5601233299075026 0.07297019527235354 0.5775950668036999 0.030832476875642344 0.5693730729701952 0.0020554984583761563
1 0.9126413155190134 0.5991778006166495 0.9177800616649537 0.5107913669064749 0.998972250770812 0.5149023638232272 0.9958890030832477 0.6063720452209661
1 0.998972250770812 0.486125385405961 0.9249743062692705 0.48201438848920863 0.9249743062692705 0.4491264131551901 0.998972250770812 0.4491264131551901
1 1.0 0.4306269270298047 0.9126413155190134 0.4254881808838643 0.9157245632065777 0.38232271325796513 0.997944501541624 0.38335046248715315
1 0.9301130524152107 0.302158273381295 0.9958890030832477 0.30318602261048305 0.997944501541624 0.2682425488180884 0.9311408016443987 0.263103802672148
1 0.998972250770812 0.18602261048304214 0.9218910585817061 0.18499486125385406 0.9218910585817061 0.1510791366906475 0.998972250770812 0.14902363823227133
1 0.997944501541624 0.8776978417266187 0.9116135662898253 0.8746145940390545 0.9167523124357657 0.6392600205549845 0.998972250770812 0.644398766700925
