1 0.0 0.9712230215827337 0.1695786228160329 0.9732785200411099 0.1767728674203494 0.9938335046248716 0.2250770811921891 0.9897225077081192 0.2353545734840699 0.9897225077081192 0.24768756423432683 0.9743062692702981 0.24768756423432683 0.9588900308324768 0.2589928057553957 0.9403905405810344 0.26002055498458376 0.9260020554984584 0.2199383350462487 0.9177800616649537 0.2302158273381295 0.9003083247687564 0.23227132579650564 0.8633093525179857 0.23124357656731762 0.8571428571428571 0.23227132579650564 0.8355601233299075 0.23329907502569372 0.8180883864337102 0.22713257965056527 0.7934224049331963 0.18499486125385406 0.7965056526207606 0.14182939362795477 0.799588953947066 0.08633093525179855 0.8006166495375129 0.030832476875642344 0.7954779033915724 0.0010277492291880781 0.7975334018499486
1 0.0 0.7142857142857143 0.18088386433710174 0.7194244604316546 0.17985611510791366 0.7903391572456322 0.0020554984583761563 0.7923946557040082
1 0.0030832476875642337 0.710174717368962 0.20760534429599178 0.7173689619732785 0.21274409044193215 0.4645426515930113 0.0010277492291880781 0.45426515930113054
1 0.0010277492291880781 0.45118191161356624 0.19424460431654678 0.4552929085303186 0.20246659815005139 0.263103802672148 0.0020554984583761563 0.25590955806783144
1 0.0020554984583761563 0.2528263103802672 0.21685508735868445 0.263103802672148 0.2199383350462487 0.008221993833504625 0.0030832476875642337 0.0030832476875642337
1 0.5005138746145941 0.9897225077081192 0.5097636176772867 0.8191161356628982 0.8581706063720452 0.8252826310380267 0.998972250770812 0.8324768756423433 0.9969167523124358 0.998972250770812
1 0.513874614594039 0.5590955806783144 0.8633093525179857 0.5693730729701952 0.8561151079136691 0.7317574511819116 0.9958890030832477 0.7420349434737923 1.0 0.829393627954779 0.5118191161356629 0.8160328879753339
1 0.5241521068859198 0.5529290853031861 0.5292908530318602 0.4707091469681398 0.8561151079136691 0.48201438848920863 0.8581706063720452 0.5642343268242549
1 0.5251798561151079 0.4696813977389517 0.526207605344296 0.3874614594039055 0.8078108941418294 0.39260020554984576 0.8078108941418294 0.4100719424460431 0.9362795477903392 0.4141829393627955 0.9434737923946557 0.4306269270298047 0.972250770811922 0.4306269270298047 0.9712230215827337 0.48406986838032817
1 0.527235354573484 0.38335046248715315 0.5292908530318602 0.2949640287769784 0.8139773895169579 0.30935251798561153 0.8160328879753339 0.3895169578622816
1 0.39671120246659813 0.0051387461459403904 0.39671120246659813 0.07297019527235354 0.39568345323741005 0.1223021582733813 0.4933196300102775 0.1315518848318459 0.49229188078108943 0.21274409044193215 0.7132579650565262 0.21479958890030834 0.7142857142857143 0.131551901336074 0.6002055498458376 0.12744090441932168 0.6032887975334018 0.07399794450154162 0.6228160328879754 0.07399794450154162 0.6217882836587872 0.0051387461459403904
1 0.5313463514902363 0.2908530318602261 0.5303186022610483 0.2209660842754368 0.8221993833504625 0.2199383350462487 0.817060637204522 0.30318602261048305
