0 0.34943473792394647 0.49845768091560927 0.3504624871531346 0.5334011629601179 0.6988694758478933 0.5436786490629132 0.7009249743062695 0.509762934814849
0 0.0010277492291880781 0.8448098663926003 0.0010277492291880781 0.8756423432682425 0.3227132579650565 0.8890030832476874 0.3227132579650565 0.8499486125385406
0 0.0030832476875641435 0.6885916699756786 0.0030832476875641435 0.719424146851321 0.30524152106885916 0.7317571355385492 0.30524152106885916 0.6927026648294023
0 0.32887975334018493 0.6927026751445449 0.329907502569373 0.7276461571890535 0.6916752312435765 0.7379236432918488 0.6947584789311407 0.7029801777515681
0 0.34840698869475845 0.8530318767303329 0.34840698869475845 0.8838643536059752 0.6700924974306269 0.8972250935854201 0.6700924974306269 0.8581706228762732
0 0.2394655704008222 0.5724563206577595 0.24563206577595068 0.5354573484069887 0.3319630010277492 0.538540596094553 0.32682425488180883 0.5775950668036999
0 0.16238437821171633 0.5683453237410072 0.1644398766700925 0.5313463514902363 0.0020554984583761563 0.527235354573484 0.0041109969167523125 0.5642343268242549
0 0.1695786228160329 0.4100719424460431 0.17574511819116137 0.37821171634121276 0.0041109969167523125 0.37410071942446044 0.0030832476875642337 0.40801644398766695
1 0.16649537512846865 0.527235354573484 0.17163412127440908 0.4172661870503597 0.0030832476875642337 0.4131551901336074 0.0020554984583761563 0.5241521068859198
1 0.32065775950668035 0.6916752312435765 0.328879753340185 0.5827338129496403 0.23638232271325793 0.579650565262076 0.2394655704008222 0.49229188078108943 0.20246659815005139 0.4491264131551901 0.17574511819116137 0.44809866392600206 0.16752312435765673 0.5724563206577595 0.0010277492291880781 0.5704008221993834 0.0030832476875642337 0.682425488180884
1 0.5734840698869477 0.8910585817060638 0.33607399794450155 0.881808838643371 0.33504624871531347 0.9958890030832477 0.5734840698869476 1.0
1 0.3001027749229188 0.7348406988694759 0.0030832476875642337 0.7255909558067831 0.0020554984583761563 0.8396711202466598 0.2959917780061665 0.8437821171634121
1 0.6927029804727646 0.7440901469190914 0.3257965056526207 0.7317571499797488 0.32476875642343267 0.8458373144196254 0.6896197327852004 0.852003813920811
1 0.6988694758478932 0.5457341475212895 0.34737923946557037 0.5385399070430298 0.341212744090442 0.688591366710487 0.6906474820143884 0.700924373964972
1 0.3001027749229188 0.8910585817060638 0.003083247687564221 0.881808838643371 0.0020554984583761437 0.9958890030832477 0.2959917780061665 1.0
