1 0.07297297297297298 0.9905405405405405 0.06891891891891892 0.9162162162162162 0.1 0.9148648648648648 0.09864864864864865 0.904054054054054 0.22432432432432436 0.904054054054054 0.22837837837837838 0.9108108108108108 0.2581081081081081 0.9081081081081082 0.2689189189189189 0.9216216216216216 0.32972972972972975 0.9256756756756757 0.33648648648648644 0.995945945945946
1 0.2864864864864865 0.9162162162162162 0.28783783783783784 0.8851351351351352 0.28243243243243243 0.8621621621621621 0.372972972972973 0.8689189189189189 0.3783783783783784 0.8945945945945946 0.37567567567567567 0.9202702702702703
1 0.06891891891891892 0.8040540540540541 0.19864864864864862 0.8027027027027027 0.20135135135135132 0.7810810810810811 0.2891891891891892 0.7783783783783784 0.3027027027027027 0.7337837837837838 0.29324324324324325 0.7054054054054055 0.22297297297297297 0.7027027027027027 0.22162162162162166 0.6554054054054054 0.1527027027027027 0.654054054054054 0.1554054054054054 0.6635135135135135 0.09864864864864865 0.6621621621621621 0.06891891891891892 0.6756756756756757
1 0.2148648648648649 0.4986486486486486 0.0945945945945946 0.4945945945945946 0.1054054054054054 0.45135135135135135 0.0972972972972973 0.40810810810810805 0.2121621621621622 0.40270270270270264 0.2108108108108108 0.37972972972972974 0.2527027027027027 0.38513513513513514 0.2554054054054054 0.4324324324324324 0.2554054054054054 0.46621621621621623 0.22702702702702704 0.46756756756756757
1 0.677027027027027 0.9878378378378379 0.6270270270270271 0.9891891891891892 0.6256756756756757 0.9797297297297297 0.5716216216216217 0.9702702702702701 0.5689189189189189 0.9337837837837839 0.5472972972972973 0.9364864864864865 0.5472972972972973 0.895945945945946 0.572972972972973 0.8986486486486487 0.6243243243243243 0.9 0.6175675675675676 0.8635135135135134 0.6662162162162162 0.8635135135135134 0.668918918918919 0.8797297297297297 0.7391891891891892 0.8824324324324324 0.745945945945946 0.918918918918919 0.7310810810810809 0.9594594594594593 0.6864864864864865 0.9594594594594593
1 0.7135135135135136 0.7716216216216216 0.5743243243243243 0.7716216216216216 0.5797297297297297 0.7067567567567568 0.5513513513513514 0.7067567567567568 0.5581081081081081 0.6662162162162162 0.522972972972973 0.6621621621621621 0.5175675675675676 0.5851351351351352 0.6013513513513513 0.5851351351351352 0.6027027027027027 0.6202702702702703 0.6878378378378378 0.6270270270270271 0.6905405405405406 0.6445945945945946 0.7432432432432432 0.6472972972972975 0.7486486486486487 0.6824324324324325 0.7432432432432432 0.7135135135135136 0.7189189189189189 0.7135135135135136
1 0.5 0.577027027027027 0.5797297297297297 0.5783783783783784 0.595945945945946 0.5405405405405406 0.5864864864864865 0.5081081081081081 0.504054054054054 0.5081081081081081 0.5108108108108108 0.5391891891891892
1 0.5527027027027027 0.43108108108108106 0.5527027027027027 0.3864864864864865 0.5756756756756757 0.3878378378378378 0.5756756756756757 0.3621621621621622 0.6337837837837837 0.3635135135135135 0.6364864864864865 0.372972972972973 0.7554054054054054 0.3783783783783784 0.7608108108108108 0.42567567567567566 0.7486486486486487 0.4702702702702703 0.7027027027027027 0.47297297297297297 0.7013513513513514 0.4932432432432432 0.6310810810810811 0.4932432432432432 0.6310810810810811 0.4554054054054054 0.577027027027027 0.4554054054054054 0.5837837837837838 0.4324324324324324
1 0.7662162162162162 0.23243243243243245 0.7743243243243243 0.1945945945945946 0.7675675675675676 0.1581081081081081 0.7216216216216216 0.15675675675675677 0.7202702702702701 0.1081081081081081 0.6472972972972975 0.10945945945945948 0.6513513513513512 0.1445945945945946 0.5851351351351352 0.14594594594594595 0.5864864864864865 0.22972972972972974
1 0.041891891891891894 0.22837837837837838 0.043243243243243246 0.13378378378378378 0.19864864864864862 0.1283783783783784 0.26756756756756755 0.12972972972972974 0.2702702702702703 0.17297297297297298 0.2418918918918919 0.17297297297297298 0.2608108108108108 0.20405405405405402 0.25 0.2391891891891892 0.20945945945945948 0.2391891891891892 0.1081081081081081 0.2445945945945946 0.10405405405405405 0.2162162162162162 0.0918918918918919 0.2162162162162162
1 0.24324324324324326 0.004054054054054054 0.2472972972972973 0.027027027027027025 0.2445945945945946 0.06756756756756757 0.35135135135135137 0.060810810810810814 0.3554054054054054 0.022972972972972974 0.35135135135135137 0.0013513513513513514
1 0.5364864864864864 0.16756756756756758 0.4986486486486486 0.16486486486486487 0.5027027027027027 0.09864864864864865 0.4932432432432432 0.07162162162162163 0.572972972972973 0.06621621621621622 0.5878378378378378 0.0972972972972973 0.5851351351351352 0.12837837837837837 0.5459459459459459 0.13108108108108107
1 0.4864864864864865 0.16216216216216217 0.47972972972972966 0.08243243243243244 0.3783783783783784 0.07972972972972973 0.37432432432432433 0.1581081081081081
