1 0.44707091469681404 0.8561151079136691 0.5775950668036999 0.8612538540596094 0.5704008221993834 0.48818088386433717 0.434737923946557 0.49126413155190135
1 0.20760534429599178 0.6382323002081958 0.20966084275436794 0.49229188078108943 0.11716341212744091 0.49126413155190135 0.11819116135662897 0.5303186022610483 0.09969167523124357 0.5611510791366906 0.1223021582733813 0.5899280575539568 0.12538540596094552 0.6372045220966084
1 0.26002055498458376 0.6156217882836588 0.2589928057553957 0.5868448098663926 0.237410071942446 0.5580678314491264 0.2579650565262076 0.5282631038026722 0.25590955806783144 0.4943473792394656 0.3442959917780062 0.4933196300102775 0.329907502569373 0.5580678314491264 0.3442959917780062 0.5817060637204522 0.3442959917780062 0.6197327852004111
1 0.6618705035971223 0.998972250770812 0.6608427543679344 0.8735868448098664 0.8263103802672148 0.8663926002055499 0.817060637204522 0.9958890030832477
1 0.9948612538540595 0.6176772867420349 0.9506680369989721 0.6228160328879754 0.9516957862281603 0.6084275436793423 0.8869475847893113 0.6002055498458376 0.8797533401849948 0.5282631038026722 0.9188078108941418 0.5241521068859198 0.9146968139773893 0.46865364850976365 1.0 0.4676258992805755
1 0.7790339157245633 0.27132578412748154 0.7780061664953751 0.12435764435358637 0.6885919835560124 0.12435764435358637 0.6927029804727647 0.26413153952316504
1 0.9239465570400823 0.2723535251045555 0.920863309352518 0.11819112628514426 0.827338129496403 0.11819112628514426 0.8242548818088388 0.24460428147527785 0.8489007201464962 0.24675950715704947 0.8486282492056741 0.277690744109929
1 0.4933196300102775 0.28468655092629724 0.4922918807810895 0.13771841115240205 0.40287769784172667 0.13771841115240205 0.406988694758479 0.2774923063219807
1 0.354573484069887 0.2826310483418641 0.3535457348406989 0.13566290856796887 0.26413155190133614 0.13566290856796887 0.26824254881808846 0.27543680373754753
1 0.21582733812949642 0.287769804802947 0.21550105626847113 0.23850123854849056 0.21479958890030837 0.13257965469131908 0.12538540596094555 0.13257965469131908 0.1294964028776979 0.27235354986089777 0.14689017190805767 0.27226140264358856 0.14692561153665035 0.2893078928790728
1 0.6341212744090442 0.27852004317299767 0.6330935251798562 0.1315519033991025 0.5436793422404933 0.1315519033991025 0.5477903391572457 0.2713257985686811
1 0.0010277492291880786 0.29393627954779034 0.08324768756423433 0.2918807810894142 0.08119218910585818 0.2620760534429599 0.06474820143884892 0.23227132579650564 0.0750256937307297 0.19835560123329907 0.0 0.19732785200411096
