1 0.1130524152106886 0.9157245632065777 0.12846865364850976 0.8735868448098664 0.11408016443987667 0.8335046248715314 0.2394655704008222 0.828365878725591 0.2569373072970195 0.8725590955806782 0.2446043165467626 0.9177800616649537
1 0.10894141829393628 0.7636176772867419 0.12538540596094552 0.7214799588900308 0.10791366906474821 0.6803699897225077 0.24049331963001028 0.6803699897225077 0.2589928057553957 0.7204522096608428 0.24768756423432683 0.7595066803699896
1 0.10894141829393628 0.6012332990750257 0.1223021582733813 0.5560123329907503 0.09969167523124357 0.5087358684480987 0.23843782117163412 0.5087358684480987 0.2538540596094553 0.5560123329907503 0.22713257965056527 0.6002055498458376
1 0.3319630010277492 0.5755395683453237 0.3329907502569373 0.6536485097636177 0.41212744090441933 0.6526207605344296 0.40184994861253853 0.5714285714285714
1 0.6032887975334018 0.9167523124357657 0.6197327852004111 0.9588900308324768 0.6063720452209661 0.998972250770812 0.7553956834532375 0.997944501541624 0.7687564234326826 0.959917780061665 0.7471736896197327 0.9167523124357657
1 0.2744090441932169 0.997944501541624 0.2692702980472765 0.9588900308324768 0.3442959917780062 0.959917780061665 0.34737923946557037 0.9969167523124358
1 0.6207605344295992 0.8643371017471737 0.6289825282631039 0.8314491264131552 0.6176772867420349 0.7893114080164438 0.7482014388489209 0.7893114080164438 0.762589928057554 0.8335046248715314 0.7553956834532375 0.8705035971223022
1 0.7605344295991778 0.7183967112024666 0.7605344295991778 0.644398766700925 0.6258992805755396 0.6474820143884892 0.6330935251798561 0.6793422404933196 0.6197327852004111 0.7163412127440903 0.7512846865364851 0.7173689619732785
1 0.5806783144912642 0.5806783144912642 0.5878725590955807 0.5488180883864338 0.5817060637204522 0.5159301130524152 0.6341212744090442 0.5159301130524152 0.6402877697841727 0.5046248715313464 0.7482014388489209 0.5046248715313464 0.7667009249743063 0.5447070914696814 0.7523124357656732 0.590955806783145 0.6413155190133607 0.5950668036998972 0.6413155190133607 0.6063720452209661 0.605344295991778 0.6063720452209661 0.60431654676259 0.579650565262076
1 0.6382322713257965 0.41623843782117165 0.6217882836587872 0.4645426515930113 0.7543679342240494 0.46659815005138744 0.7677286742034943 0.4141829393627955 0.7461459403905447 0.36793422404933196 0.6248715313463515 0.3720452209660843
1 0.1695786228160329 0.35765673175745116 0.10996916752312436 0.3607399794450154 0.11510791366906475 0.2014388489208633 0.19527235354573486 0.19835560123329907 0.19938335046248715 0.3062692702980473 0.1726618705035971 0.31346351490236385
1 0.3052415210688592 0.19321685508735867 0.40801644398766695 0.19527235354573486 0.4172661870503597 0.30935251798561153 0.3114080164439877 0.30729701952723537
1 0.8006166495375129 0.32785200411099696 0.7975334018499486 0.13360739979445016 0.4182939362795478 0.13874614594039056 0.42754367934224047 0.33607399794450155
