1 0.04594594594594595 0.741891891891892 0.15135135135135136 0.7378378378378379 0.15675675675675677 0.8351351351351352 0.06486486486486487 0.8391891891891892 0.04054054054054054 0.8216216216216217
1 0.2162162162162162 0.7135135135135136 0.31756756756756754 0.7094594594594593 0.32432432432432434 0.8270270270270271 0.30945945945945946 0.8297297297297297 0.30945945945945946 0.854054054054054 0.22567567567567567 0.8527027027027025
1 0.17702702702702702 0.7027027027027027 0.20675675675675678 0.7027027027027027 0.23243243243243245 0.7027027027027027 0.23108108108108108 0.6364864864864865 0.2 0.6364864864864865 0.1783783783783784 0.6378378378378379
1 0.07972972972972973 0.5445945945945946 0.26216216216216215 0.5405405405405406 0.26756756756756755 0.4945945945945946 0.2418918918918919 0.422972972972973 0.17972972972972973 0.427027027027027 0.1837837837837838 0.44594594594594594 0.11216216216216218 0.4472972972972973 0.08243243243243244 0.45135135135135135 0.07972972972972973 0.5310810810810811
1 0.41081081081081083 0.845945945945946 0.4918918918918919 0.8472972972972973 0.4918918918918919 0.6986486486486485 0.3891891891891892 0.6945945945945947
1 0.7256756756756757 0.8689189189189189 0.7310810810810809 0.8418918918918918 0.75 0.8094594594594594 0.7378378378378379 0.7810810810810811 0.722972972972973 0.7797297297297299 0.7216216216216216 0.7608108108108108 0.5797297297297297 0.7554054054054054 0.5972972972972973 0.8027027027027027 0.5783783783783784 0.8567567567567568
1 0.581081081081081 0.7391891891891892 0.7445945945945946 0.7445945945945946 0.7608108108108108 0.6878378378378378 0.7378378378378379 0.6378378378378379 0.6878378378378378 0.6391891891891892 0.6675675675675676 0.6364864864864865 0.6310810810810811 0.6364864864864865 0.5756756756756757 0.6337837837837837 0.5972972972972973 0.677027027027027
1 0.5986486486486486 0.5635135135135135 0.6189189189189189 0.5135135135135135 0.5972972972972973 0.4635135135135135 0.727027027027027 0.46756756756756757 0.7513513513513513 0.5081081081081081 0.7337837837837838 0.5635135135135135
1 0.5513513513513514 0.3378378405504415 0.7175675675675676 0.34324324324324323 0.722972972972973 0.14864864864864866 0.5581081081081081 0.1445945945945946
1 0.46216216216216216 0.35405405405405405 0.4635135135135135 0.3256756756756756 0.5108108108108108 0.3256756756756756 0.5081081081081081 0.35405405405405405
1 0.31216216216216214 0.3608108108108108 0.3918918918918919 0.35945945945945945 0.3891891891891892 0.25675675675675674 0.3837837837837838 0.21891891891891896 0.3108108108108108 0.22027027027027027
1 0.11081081081081083 0.24054054054054055 0.12702702702702703 0.1972972972972973 0.1081081081081081 0.15405405405405406 0.22837837837837838 0.15 0.2662162162162162 0.1554054054054054 0.2648648648648649 0.2445945945945946
