1 0.6670092497430626 0.4902363823227132 0.6742034943473793 0.35251798561151076 0.9403905447070915 0.35765673175745116 0.934224049331963 0.49743062692702983
1 0.696813977389517 0.6382322713257965 0.685508735868448 0.6032887975334018 0.697841726618705 0.5621788283658787 0.7646454265159303 0.5632065775950668 0.7646454265159303 0.5334018499486125 0.828365878725591 0.5334018499486125 0.8396711202466598 0.5251798561151079 0.8705035971223022 0.5251798561151079 0.869475847893114 0.5364850976361768 0.9085303186022611 0.5375128468653648 0.9075025693730729 0.5755395683453237 0.9640287769784173 0.5847893114080165 0.9588900308324768 0.6382322713257965
1 0.697841726618705 0.7893114080164438 0.6793422404933196 0.73792394655704 0.7009249743062693 0.6957862281603289 0.8263103802672148 0.7029804727646455 0.8232271325796505 0.7173689619732785 0.8797533401849948 0.7194244604316546 0.9218910585817061 0.7255909558067831 0.9177800616649537 0.802672147995889 0.8725590955806782 0.8036998972250771 0.8725590955806782 0.8119218910585818 0.8006166495375129 0.8098663926002055 0.7975334018499486 0.7944501541623843
1 0.682425488180884 0.9784172661870504 0.682425488180884 0.8437821171634121 0.7913669064748201 0.8406988694758479 0.7903391572456322 0.8612538540596094 0.8602261048304214 0.8705035971223022 0.8478931140801644 0.9630010277492292
1 0.31963001027749227 0.7276464542651593 0.32168550873586843 0.6351490236382322 0.14902363823227133 0.6269270298047277 0.14285714285714285 0.7142857142857143
1 0.0020554984583761563 0.7810894141829394 0.046248715313463515 0.7821171634121274 0.05344295991778006 0.6258992805755396 0.0020554984583761563 0.6248715313463515
1 0.1397738951695786 0.5775950668036999 0.14388489208633093 0.4892086330935252 0.31963001027749227 0.4984583761562179 0.29907502569373073 0.5375128468653648 0.3175745118191161 0.5817060637204522
1 0.20246659815005139 0.4635149023638232 0.20246659815005139 0.45323741007194246 0.1695786228160329 0.45323741007194246 0.16546762589928057 0.43884892086330934 0.15313463514902365 0.43884892086330934 0.15621788283658788 0.3997944501541624 0.20349434737923947 0.3987667009249743 0.20863309352517986 0.3699897225077081 0.263103802672148 0.36896197327852 0.2672147995889003 0.39054469265027014 0.328879753340185 0.39157245632065774 0.3114080164439877 0.42857142857142855 0.32476875642343267 0.460431654676259
1 0.3227132579650565 0.33093525179856115 0.3103802672147996 0.29290853031860226 0.32785200411099696 0.25488180883864336 0.2723535457348407 0.25077081192189105 0.27029804727646456 0.22918807810894143 0.19835560123329907 0.2261048304213772 0.19835560123329907 0.23843782117163412 0.15210688591983557 0.23638232271325793 0.13566289825282632 0.27029804727646456 0.144912641315519 0.30421377183967113 0.19013360739979446 0.30729701952723537 0.19321685508735867 0.3340184994861254
1 0.7050359712230215 0.1325794091909261 0.6896197327852004 0.07913644927314602 0.712230215827338 0.03391548318887062 0.8386433710174716 0.03391547906281358 0.8180883864337101 0.08119194773152218 0.8417266187050357 0.1294961511882193
1 0.7029804727646455 0.2528263103802672 0.6875642343268242 0.19938335046248715 0.710174717368962 0.15416238437821173 0.8417266187050358 0.15621788283658788 0.8211716341212744 0.2014388489208633 0.8458376156217882 0.25488180883864336
1 0.18396711202466598 0.17574511819116137 0.18499486125385406 0.12744090441932168 0.1510791366906475 0.12744090441932168 0.1551901336073998 0.06474820143884892 0.27132579650565264 0.06372045220966084 0.2723535457348407 0.09044193216855087 0.34326824254881816 0.09249743062692703 0.32168550873586843 0.13566289825282632 0.34018499486125386 0.1829393627954779
