0 0.7584789311408017 0.8725590955806782 0.7646454265159303 0.8376156217882837 0.942688089954784 0.8430579739458033 1.0 0.8448098663926003 0.998972250770812 0.8787255909558068
0 0.7831449126413155 0.71120246659815 0.7893114080164438 0.6813977389516956 0.998972250770812 0.6834532374100719 1.0 0.7194244604316546
0 0.8067831449126414 0.5590955806783144 0.9969167523124358 0.5601233299075026 1.0 0.5313463514902363 0.8150051387461459 0.5251798561151079
0 0.828365878725591 0.3997944501541624 0.8324768756423433 0.3648509763617678 0.997944501541624 0.3720452209660843 0.997944501541624 0.40698869475847893
1 0.8150051387461459 0.5241511640818892 0.8283658787255911 0.3997934867198467 1.0 0.41007096457052805 0.9969167523124358 0.5251789112480489
1 0.7533401849948612 0.9928057533326551 0.7605344295991778 0.8725590811394787 1.0 0.8797533051135101 0.9969167523124358 0.9948612517910311
1 0.7708119218910585 0.833504303039083 0.7790339157245634 0.7142853821381238 1.0 0.7235351086965883 0.9969167523124358 0.8386430553741093
1 0.7944501541623843 0.6772861066221613 0.800616649537513 0.5601226883056349 1.0 0.5662891609874499 0.9969167523124358 0.6813971076649707
1 0.5529290853031861 0.998972250770812 0.5632065775950668 0.7965056526207606 0.0565262076053443 0.7831449126413155 0.051387461459403906 0.9958890030832477
1 0.5436793422404933 0.5354573484069887 0.5457348406988695 0.27852004110996914 0.19630010277492288 0.2682425488180884 0.18602261048304214 0.5179856115107914
