1 0.10174717368961973 0.15827338129496402 0.09558067831449128 0.09146968139773895 0.1510791366906475 0.0883864337101747 0.14799588900308325 0.07194244604316546 0.26104830421377184 0.06372045220966084 0.26104830421377184 0.09146968139773895 0.27646454265159304 0.09146968139773895 0.2805755395683453 0.1408016443987667 0.26515930113052416 0.1408016443987667 0.2538540596094553 0.14285714285714285 0.2538540596094553 0.15827338129496402
1 0.4902363823227132 0.047276464542651594 0.4892086330935252 0.0030832476875642337 0.632065775950668 0.0041109969167523125 0.6310380267214799 0.043165467625899276
1 0.659815005138746 0.10277492291880781 0.6402877697841727 0.10277492291880781 0.6402877697841727 0.02877697841726619 0.6813977389516956 0.02774922918807811 0.6813977389516956 0.041109969167523124 0.7399794450154162 0.041109969167523124 0.7420349434737923 0.0853031860226105 0.7512846865364851 0.0853031860226105 0.7512846865364851 0.13874614594039056 0.6608427543679344 0.13771839671120248
1 0.8016443987667009 0.15210688591983557 0.8006166495375129 0.13360739979445016 0.7841726618705036 0.13566289825282632 0.7852004110996915 0.0328879753340185 0.8622816032887975 0.030832476875642344 0.8643371017471737 0.1264131551901336 0.8735868448098664 0.1264131551901336 0.8746145940390545 0.1510791366906475
1 0.8674203494347378 0.09763617677286743 0.8972250770811921 0.09660842754367933 0.8961973278520041 0.02877697841726619 0.8663926002055499 0.030832476875642344
1 0.10996916752312436 0.632065775950668 0.1130524152106886 0.5775950668036999 0.0853031860226105 0.5806783144912642 0.07913669064748201 0.5457348406988695 0.09558067831449128 0.5015416238437821 0.15621788283658788 0.5056526207605344 0.1644398766700925 0.4840698869475848 0.2589928057553957 0.4984583761562179 0.2579650565262076 0.5405960945529291 0.24357656731757452 0.5765673175745119 0.2528263103802672 0.6084275436793423 0.19527235354573486 0.6125385405960946 0.19424460431654678 0.6361767728674204
1 0.09044193216855087 0.8067831449126414 0.09558067831449128 0.7040082219938335 0.22404933196300103 0.71120246659815 0.22404933196300103 0.8098663926002055
1 0.0565262076053443 0.9958890030832477 0.03802672147995889 0.9630010277492292 0.05755395683453238 0.920863309352518 0.16032887975334018 0.9218910585817061 0.16546762589928057 0.9958890030832477
1 0.29907502569373073 0.6659815005138746 0.27852004110996914 0.6166495375128469 0.29393627954779034 0.5714285714285714 0.37101747173689614 0.5693730729701952 0.36279547790339156 0.6145940390544707 0.37821171634121276 0.6659815005138746
1 0.41212744090441933 0.6217882836587872 0.3905447070914697 0.5693730729701952 0.4182939362795478 0.5159301130524152 0.4933196300102775 0.5159301130524152 0.474820143884892 0.5693730729701952 0.5087358684480987 0.6228160328879754
1 0.5334018499486125 0.7183967112024666 0.5292908530318602 0.591983556012333 0.5097636176772867 0.5652620760534429 0.538540596094553 0.5118191161356629 0.6238437821171634 0.5097636176772867 0.6002055498458376 0.5642343268242549 0.6197327852004111 0.591983556012333 0.6238437821171634 0.7163412127440903
1 0.6464542651593012 0.5097636218033439 0.659815005138746 0.6372045262226655 0.7482014388489209 0.6330933663266608 0.750256937307297 0.5107913669064749
1 0.7821171634121274 0.6300102919334916 0.7810894141829395 0.5035971099239872 0.8735868448098664 0.5035971223021583 0.8776978417266187 0.6310380267214799
1 0.997944501541624 0.6238437821171634 0.920863309352518 0.6238437821171634 0.9157245632065777 0.49537512846865367 1.0 0.49743062692702983
