1 0.1510791366906475 0.06988693108056122 0.1510791366906475 0.18088384783287367 0.1747173689619733 0.18191159706206175 0.1747173689619733 0.20143883241663524 0.2446043165467626 0.20143883241663524 0.24665981500513873 0.06783143262218506 0.25077081192189105 0.04316545112167119 0.1510791366906475 0.04213770189248311
1 0.27543679342240496 0.07194243366499439 0.27543679342240496 0.18293935041730683 0.29907502569373073 0.18396709964649494 0.29907502569373073 0.2034943350010684 0.3689619732785201 0.2034943350010684 0.37101747173689614 0.06988693520661825 0.3751284686536485 0.04522095370610437 0.27543679342240496 0.044193204476916284
1 0.04008221993833505 0.5837625771888565 0.04008221993833505 0.694759493941169 0.06372045220966084 0.6957872431703569 0.06372045220966084 0.7153144785249305 0.13360739979445016 0.7153144785249305 0.13566289825282632 0.5817070787304803 0.1397738951695786 0.5570410972299664 0.04008221993833505 0.5560133480007784
1 0.512846865364851 0.5960955926954555 0.512846865364851 0.707092509447768 0.5364850976361768 0.708120258676956 0.5364850976361768 0.7276474940315296 0.6063720452209661 0.7276474940315296 0.6084275436793422 0.5940400942370794 0.6125385405960945 0.5693741127365655 0.512846865364851 0.5683463635073774
1 0.7430626927029804 0.5960955926954555 0.7430626927029804 0.707092509447768 0.7667009249743063 0.708120258676956 0.7667009249743063 0.7276474940315296 0.8365878725590956 0.7276474940315296 0.8386433710174718 0.5940400942370794 0.8427543679342242 0.5693741127365655 0.7430626927029804 0.5683463635073774
1 0.5303186022610482 0.8509779131651699 0.5149023638232272 0.8961987472156205 0.5323741007194245 0.9465585584712051 0.5601233299075026 0.9465585192736633 0.5912435553308223 0.9454601561716008 0.6474820143884892 0.9434752653970135 0.6341212744090443 0.9249760103308213 0.6217882836587871 0.8941435210770079 0.6289825282631039 0.8489224662825066
1 0.020554984583761562 0.07810894141829394 0.020554984583761562 0.18910585817060638 0.04419321685508735 0.19013360739979446 0.04419321685508735 0.20966084275436794 0.11408016443987667 0.20966084275436794 0.11613566289825282 0.07605344295991778 0.12024665981500514 0.051387461459403906 0.020554984583761562 0.050359712230215826
1 0.020554984583761562 0.07810894141829394 0.020554984583761562 0.18910585817060638 0.04419321685508735 0.19013360739979446 0.04419321685508735 0.20966084275436794 0.11408016443987667 0.20966084275436794 0.11613566289825282 0.07605344295991778 0.12024665981500514 0.051387461459403906 0.020554984583761562 0.050359712230215826
1 0.659815005138746 0.15416238850426875 0.6546762589928058 0.02261046447488111 0.8180883864337102 0.017471710076826664 0.8304213771839671 0.1510791408167045
1 0.9249743062692705 0.1490236382322713 0.9023638232271325 0.09146968139773894 0.9249743062692705 -8.881784197001253e-18 1.0 0.0 1.0 0.1459403905447071
1 0.7574511819116135 0.9815005138746146 0.8417266187050358 0.9804727646454264 0.8324768756423433 0.8797533401849948 0.7523124357656732 0.8848920863309353
