1 0.19424460431654678 0.9578622816032888 0.3607399794450154 0.9650565262076053 0.34224049331963 0.9249743062692705 0.36690647482014394 0.8900308324768758 0.31449126413155193 0.8859198355601233 0.3175745118191161 0.869475847893114 0.23432682425488183 0.8663926002055499 0.23432682425488183 0.8828365878725591 0.21685508735868445 0.8828365878725591 0.19732785200411096 0.91983556012333
1 0.1500513874614594 0.8139773895169579 0.13566289825282632 0.7636176772867419 0.15724563206577596 0.7132579650565262 0.33607399794450155 0.7163412127440903 0.31346351490236385 0.7656731757451182 0.3329907502569373 0.8273381294964028
1 0.35251798561151076 0.6927029804727647 0.3545734840698869 0.5878725590955807 0.237410071942446 0.5858170606372045 0.21582733812949642 0.6361767728674204 0.22816032887975335 0.68448098663926
1 0.36382322713257964 0.5262070318223696 0.3669064748201438 0.43679284888300685 0.40082219938335045 0.4378205981121948 0.39362795477903384 0.5303180287391218
1 0.341212744090442 0.8119218910585818 0.3442959917780062 0.7225077081192189 0.37821171634121276 0.723535457348407 0.37101747173689614 0.8160328879753339
1 0.3607399794450154 0.6844807308237246 0.36382322713257964 0.5950665478843618 0.3977389516957862 0.5960942971135498 0.3905447070914696 0.6885917277404768
1 0.21788283658787255 0.538540596094553 0.19527235354573486 0.4799588900308325 0.2014388489208633 0.4172661870503597 0.30318602261048305 0.4224049331963001 0.302158273381295 0.4460431654676259 0.35251798561151076 0.4450154162384379 0.3340184994861254 0.48098663926002055 0.3535457348406988 0.5354573484069887
1 0.26515930113052416 0.2970195272353546 0.2641315519013361 0.2795477903391572 0.24357656731757452 0.2795477903391572 0.2394655704008222 0.15724563206577596 0.19938335046248715 0.15621788283658788 0.19938335046248715 0.14182939362795477 0.18910585817060638 0.13874614594039056 0.18910585817060638 0.0421377183967112 0.27029804727646456 0.03802672147995889 0.2672147995889003 0.05755395683453238 0.3607399794450154 0.065775950668037 0.34224049331963 0.10585817060637207 0.355601233299075 0.1408016443987667 0.3699897225077081 0.14902363823227133 0.3566289825282631 0.1747173689619733 0.3648509763617678 0.20966084275436794 0.3874614594039055 0.19835560123329907 0.3843782117163413 0.2692702980472765 0.35251798561151076 0.2692702980472765 0.35251798561151076 0.2857142857142857 0.3237410071942446 0.28365878725590954 0.3237410071942446 0.30421377183967113
1 0.6721479958890031 0.7985611510791366 0.6557040082219939 0.750256937307297 0.6690647482014388 0.710174717368962 0.7780061664953751 0.7081192189105859 0.8304213771839671 0.7142857142857143 0.8273381294964028 0.7523124357656732 0.8417266187050358 0.7872559095580678 0.7913669064748201 0.7862281603288799 0.7923946557040082 0.8006166495375129
1 0.7276464542651593 0.9414182939362796 0.7276464542651593 0.8787255909558068 0.8314491264131552 0.8797533401849948 0.8355601233299075 0.8108941418293937 0.9270298047276464 0.8139773853909007 0.920863309352518 0.947584789311408
1 0.685508735868448 0.4943473792394656 0.6865364850976363 0.44295991778006166 0.6772867420349435 0.4090441932168551 0.6957862281603289 0.3720452209660843 0.6998972250770812 0.3257965056526208 0.7183967112024666 0.32476875642343267 0.7183967112024666 0.3052415210688592 0.8047276464542652 0.3011305241521069 0.7985611510791366 0.49126413155190135
