1 1.0 0.3453237410071942 0.8499486125385406 0.341212744090442 0.8273381294964028 0.9958890030832477 0.9969167523124358 0.9969167523124358
1 0.5724563206577595 0.7667009249743063 0.579650565262076 0.4213771839671121 0.3755196703853023 0.41530959898139064 0.09558067831449128 0.40698869475847893 0.08016443987667009 0.65775950668037 0.341212744090442 0.6618704767777516 0.3381294964028777 0.7543679342240494
1 0.5714285714285714 0.7718396711202467 0.6197327852004111 0.7708119218910586 0.6073997944501541 0.9938335046248716 0.32682425488180883 0.9907502569373073 0.08016443987667009 0.9958890030832477 0.09362251695802519 0.750245304812283 0.339065331685821 0.75657115055269
1 0.027833721257791277 0.9982184578362415 0.031629228702035536 0.7489801356642015 0.002530338296162843 0.7489801356642015 -0.0012651691480814215 0.9982184578362415
1 0.0037955074442442647 0.7451846282199572 0.060728119107908235 0.7451846282199572 0.05566744251558255 0.6553576187061764 0.002530338296162843 0.6540924495580949
1 0.05566744251558255 0.48709012201134727 0.0012651691480814215 0.48455978371518443 0.0012651691480814215 0.39346760505332207 0.0581977808117454 0.3947327742014035
1 0.056932611663663965 0.38840692846099645 0.060728119107908235 0.3188226253165182 0.002530338296162843 0.3200877944645996 0.0012651691480814215 0.38967209760907784
1 0.002530338296162843 0.3112316104280297 0.051871935071338277 0.31376194872419255 0.05313710421941971 0.22773044665465586 0.0037955074442442647 0.22899561580273725
1 0.0012651691480814215 0.2226697700623302 0.050606765923256865 0.22520010835849302 0.04934159677517544 0.0999483626984323 0.007591014888488529 0.10121353184651373
1 0.11006971588308367 0.2998450880952969 0.11386522332732793 0.005060676592325686 0.5250451964537899 0.0012651691480814215 0.5149238432691385 0.2353214615431444 0.3188226253165182 0.23785179983930724 0.3087012721318668 0.3175574561684368
1 0.11386522332732793 0.40105861994181063 0.1113348850311651 0.3087012721318668 0.378285575276345 0.3251484710569253 0.37439534270394775 0.40831976452017427
1 0.378285575276345 0.4073844656822177 0.38208108272058927 0.3276788093530882 0.3175574561684368 0.3188226253165182 0.32261813276076245 0.2416473072835515 0.5199845198614642 0.24417764557971433 0.5313710421941971 0.0012651691480814215 0.6047508527829195 0.0037955074442442647 0.5857733155616982 0.4149754805707062
1 0.7704880111815856 0.2935192423548898 0.7856700409585627 0.002530338296162843 0.999483626984323 0.002530338296162843 0.999483626984323 0.3074360318747652
