1 0.5200411099691675 0.33093525179856115 0.513874614594039 0.19424460431654678 0.7667009249743063 0.18499486125385406 0.7790339157245632 0.32168550873586843
1 0.5292908530318602 0.6187050359712231 0.5241521068859198 0.48201438848920863 0.7790339157245632 0.4707091469681398 0.7841726618705036 0.6094552929085303
1 0.5344295991778006 0.7985611510791366 0.5292908530318602 0.6659815005138746 0.7862281603288799 0.6505652620760535 0.7934224049331963 0.7954779033915724
1 0.18705035971223022 0.8150051387461459 0.18088386433710174 0.7769784172661871 0.19321685508735867 0.7358684480986639 0.03905447070914697 0.7276464542651593 0.018499486125385406 0.775950668036999 0.03494347379239465 0.8160328879753339
1 0.22199383350462487 0.632065775950668 0.21891058581706063 0.49537512846865367 0.0020554984583761563 0.5025693730729702 0.0041109969167523125 0.6372045220966084
1 0.21171634121274413 0.34018499486125386 0.20966084275436794 0.28365878725590954 0.2302158273381295 0.2846865364850976 0.23843782117163412 0.21068859198355605 0.0010277492291880781 0.21274409044193215 0.0020554984583761563 0.35251798561151076
1 0.012332990750256935 0.16341212744090441 0.1593011305241521 0.15724563206577596 0.14799588900308325 0.11921891058581706 0.16238437821171633 0.07913669064748201 0.010277492291880781 0.0842754367934224 0.0010277492291880781 0.12538540596094552
1 0.5364850976361768 0.14799588900308325 0.5220966084275437 0.11099691675231244 0.5344295991778006 0.07913669064748201 0.6187050359712231 0.0750256937307297 0.6310380267214799 0.0328879753340185 0.6433710174717369 0.0 0.7040082219938335 0.0010277492291880781 0.696813977389517 0.0750256937307297 0.6916752312435765 0.11202466598150052 0.7081192189105859 0.14902363823227133 0.5868448098663926 0.15724563206577596 0.5858170606372045 0.144912641315519
1 0.762589928057554 0.9578622816032888 0.7615621788283659 0.9969167523124358 0.8653648509763617 1.0 0.8633093525179857 0.9568345323741008
1 0.6372045220966084 0.9897225077081192
