1 0.24049331963001028 0.341212744090442 0.24665981500513876 0.1747173689619733 0.3391572456320658 0.17574511819116137 0.33504624871531347 0.3442959917780062
1 0.5066803699897225 0.4306269270298047 0.513874614594039 0.3699897225077081 0.5046248715313464 0.31346351490236385 0.5169578622816033 0.2620760534429599 0.6649537512846865 0.2672147995889003 0.6659815005138746 0.4337101747173689
1 0.11099691675231244 0.6885919835560124 0.11202466598150052 0.5889003083247688 0.13566289825282632 0.593011305241521 0.1500513874614594 0.579650565262076 0.17574511819116137 0.593011305241521 0.21171634121274413 0.5940390544707091 0.2065775950668037 0.6906474820143884
1 0.10791366906474821 0.7841726618705036 0.22918807810894143 0.7841726618705036 0.22302158273381295 0.750256937307297 0.2261048304213772 0.7214799588900308 0.10894141829393628 0.7173689619732785
1 0.24152106885919836 0.7831449126413155 0.23329907502569372 0.7533401849948612 0.2446043165467626 0.7142857142857143 0.32785200411099696 0.71120246659815 0.3257965056526208 0.7512846865364851 0.32682425488180883 0.7954779033915724
1 0.24049331963001028 0.696813977389517 0.31551901336073995 0.696813977389517 0.32168550873586843 0.6187050359712231 0.2394655704008222 0.6166495375128469
1 0.486125385405961 0.9773895169578622 0.486125385405961 0.998972271401097 0.7091469681397738 0.9969167523124358 0.7050359712230215 0.959917780061665 0.5015416238437821 0.9506680369989724 0.5015416238437821 0.9753340184994861
1 0.0051387461459403904 0.9013360739979445 0.08735868448098665 0.9167523124357657 0.08119218910585817 0.997944501541624 0.0030832476875642337 0.997944501541624
1 0.5704008221993834 0.8920863309352518 0.7050359712230215 0.8982528263103802 0.7019527235354573 0.775950668036999 0.5436793422404933 0.7728674203494347 0.5436793422404933 0.8119218910585818 0.5251798561151079 0.8119218910585818 0.5251798561151079 0.8602261048304214 0.5621788283658787 0.8653648509763617
1 0.46659815005138744 0.6731757451181912 0.46865364850976365 0.6413155190133607 0.45837615621788286 0.6402877697841727 0.460431654676259 0.6156217882836588 0.4460431654676259 0.6156217882836588 0.44809866392600206 0.5704008221993834 0.474820143884892 0.5704008221993834 0.48098663926002055 0.5416238437821171 0.5580678314491264 0.5344295991778006 0.6515930113052416 0.5467625899280576 0.632065775950668 0.5734840698869476 0.6361767728674204 0.5971223021582733 0.6248715313463515 0.6361767728674204 0.6341212744090442 0.685508735868448 0.5035971223021583 0.6813977389516956 0.499486125385406 0.6731757451181912
1 0.0 0.12846865364850976 0.11716341212744091 0.12949640287769784 0.1264131551901336 0.08633093525179855 0.1880781089414183 0.0853031860226105 0.1593011305241521 0.043165467625899276 0.14696813977389517 0.043165467625899276 0.15416238437821173 0.007194244604316547 0.15210688591983557 0.0020554984583761563 0.0030832476875642337 0.0020554984583761563
