1 0.07702702702702703 0.9824324324324324 0.1945945945945946 0.9797297297297297 0.1945945945945946 0.9081081081081082 0.22432432432432436 0.904054054054054 0.22027027027027027 0.8648648648648648 0.2135135135135135 0.8378378378378379 0.07297297297297298 0.8405405405405405 0.07837837837837838 0.8770270270270271 0.07297297297297298 0.9202702702702703
1 0.2418918918918919 0.9986486486486487 0.2418918918918919 0.977027027027027 0.35 0.9797297297297297 0.35 0.9972972972972972
1 0.033783783783783786 0.7108108108108108 0.041891891891891894 0.75 0.02837837837837838 0.7837837837837838 0.2 0.7905405405405407 0.1918918918918919 0.6824324324324325 0.12432432432432433 0.6891891891891891 0.12432432432432433 0.7040540540540541
1 0.024324324324324326 0.5716216216216217 0.1554054054054054 0.5702702702702702 0.16756756756756758 0.5283783783783784 0.15405405405405406 0.47972972972972966 0.02027027027027027 0.47972972972972966 0.03918918918918919 0.5283783783783784
1 0.033783783783783786 0.40675675675675677 0.043243243243243246 0.3783783783783784 0.02837837837837838 0.34054054054054056 0.04864864864864865 0.3405405405405405 0.0472972972972973 0.30405405405405406 0.11081081081081083 0.3013513513513513 0.11081081081081083 0.31891891891891894 0.1581081081081081 0.31486486486486487 0.24054054054054055 0.3216216216216216 0.2581081081081081 0.372972972972973 0.25405405405405407 0.40405405405405403
1 0.08648648648648649 0.2702702702702703 0.2162162162162162 0.2648648648648649 0.21891891891891896 0.25675675675675674 0.2662162162162162 0.25675675675675674 0.2472972972972973 0.1527027027027027 0.2108108108108108 0.15135135135135136 0.20675675675675678 0.12432432432432433 0.0918918918918919 0.12567567567567567 0.1054054054054054 0.1581081081081081 0.07702702702702703 0.16486486486486487 0.09324324324324325 0.2148648648648649
1 0.5094594594594595 0.1837837837837838 0.6027027027027027 0.18513513513513513 0.6027027027027027 0.07297297297297298 0.5108108108108108 0.07837837837837838
1 0.5513513513513514 0.9472972972972973 0.5716216216216217 0.95 0.6270270270270271 0.9608108108108108 0.6324324324324323 0.977027027027027 0.7621621621621621 0.9797297297297297 0.7716216216216216 0.9351351351351351 0.7594594594594595 0.8918918918918919 0.7121621621621622 0.8918918918918919 0.7067567567567568 0.8662162162162163 0.6418918918918919 0.8675675675675676 0.6418918918918919 0.8905405405405404 0.5756756756756757 0.8878378378378379 0.5527027027027027 0.895945945945946
1 0.5851351351351352 0.7635135135135136 0.6351351351351351 0.7675675675675676 0.7054054054054055 0.7702702702702703 0.7108108108108108 0.7594594594594595 0.7716216216216216 0.758108108108108 0.7783783783783784 0.7283783783783784 0.7662162162162162 0.6932432432432433 0.7486486486486487 0.6932432432432433 0.7405405405405405 0.6662162162162162 0.7121621621621622 0.6635135135135135 0.7081081081081081 0.6554054054054054 0.6310810810810811 0.6621621621621621 0.6310810810810811 0.6864864864864865 0.5905405405405405 0.6972972972972973 0.5986486486486486 0.7324324324324324
1 0.6662162162162162 0.4972972972972973 0.7783783783783784 0.4945945945945946 0.7905405405405407 0.4648648648648649 0.7783783783783784 0.427027027027027 0.6716216216216216 0.4337837837837838 0.6905405405405406 0.46216216216216216
1 0.6621621621621621 0.35405405405405405 0.6797297297297298 0.31216216216216214 0.6662162162162162 0.2689189189189189 0.7702702702702703 0.2702702702702703 0.7932432432432432 0.31216216216216214 0.7797297297297299 0.3567567567567568
1 0.668918918918919 0.22432432432432436 0.7783783783783784 0.22567567567567567 0.7986486486486486 0.1864864864864865 0.7837837837837838 0.15135135135135136 0.7972972972972973 0.10135135135135136 0.7810810810810811 0.06351351351351352 0.668918918918919 0.062162162162162166 0.6810810810810811 0.09864864864864865 0.6648648648648648 0.13648648648648648 0.6864864864864865 0.18243243243243243
