1 0.21171634121274413 0.7893114080164438 0.31654676258992803 0.7882836794175411 0.32476875642343267 0.6957862281603289 0.21582733812949642 0.6896197327852004
1 0.43165467625899284 0.9424460431654677 0.41521068859198357 0.8859198355601233 0.4367934224049332 0.8335046248715314 0.6258992805755396 0.8355601233299075 0.6063720452209661 0.8890030832476874 0.6135662898252826 0.9445015416238438 0.5981600880010277 0.9997571139516956 0.4850976361767729 0.9948612538540597 0.49229188078108943 0.9414182939362796
1 0.4450154162384379 0.6485097636176773 0.4460431654676259 0.5477903391572456 0.3566289825282631 0.5467625899280576 0.355601233299075 0.6372045220966084
1 0.5220966084275437 0.7338129496402879 0.6187050359712231 0.7410071942446043 0.6217882836587872 0.7029804727646455 0.6557040082219939 0.7122302158273383 0.6505652620760535 0.644398766700925 0.6217882836587872 0.6361767728674204 0.6238437821171634 0.6166495375128469 0.4840698869475848 0.6187050359712231 0.4850976361767729 0.644398766700925 0.5200411099691675 0.6464542651593012 0.5200411099691675 0.6587872559095581 0.5005138746145941 0.6587872559095581 0.5005138746145941 0.68448098663926 0.5292908530318602 0.6885919835560124
1 0.42857142857142855 0.4552929085303186 0.49743062692702983 0.4552929085303186 0.5025693730729702 0.49229188078108943 0.5436793422404933 0.49229188078108943 0.6228160328879754 0.5025693730729702 0.6330935251798561 0.4028776978417266 0.43884892086330934 0.37821171634121276 0.4141829393627955 0.4131551901336074
1 0.6207605344295992 0.33093525179856115 0.6269270298047277 0.22816032887975335 0.4614594039054471 0.22404933196300103 0.44707091469681404 0.2672147995889003 0.45323741007194246 0.3186022610483042 0.4707091469681398 0.31551901336073995 0.4707091469681398 0.329907502569373
1 0.1726618705035971 0.36896197327852 0.17574511819116137 0.2795477903391572 0.09146968139773895 0.2723535457348407 0.0853031860226105 0.35868448098663924
1 0.09146968139773895 0.6248715313463515 0.1747173689619733 0.6176772867420349 0.1747173689619733 0.5159301130524152 0.09249743062692703 0.5118191161356629
1 0.1366906474820144 0.22404933196300103 0.14285714285714285 0.170606372045221 0.1726618705035971 0.170606372045221 0.1644398766700925 0.09763617677286743 0.010277492291880781 0.09969167523124357 0.0020554984583761563 0.21068859198355605 0.04419321685508735 0.2065775950668037 0.045220966084275435 0.23432682425488183
1 0.4501541623843782 0.1408016443987667 0.6269270298047277 0.15724563206577596 0.6330935251798561 0.04933196300102774 0.45837615621788286 0.02877697841726619
