1 0.8653648509763617 0.9958890030832477 0.8756423432682425 0.8406988694758479 0.7142857142857143 0.8406988694758479 0.7173689619732785 0.8036998972250771 0.3987667009249743 0.7995889003083247 0.3802672147995889 0.9969167523124358
1 0.3227132579650565 0.998972250770812 0.32682425488180883 0.8221993833504625 0.17368961973278518 0.8191161356628982 0.16649537512846865 0.997944501541624
1 0.07810894141829394 0.998972250770812 0.08941418293936279 0.7882836587872559 0.170606372045221 0.7831449126413155 0.16032887975334018 0.9958890030832477
1 0.0020554984583761563 0.9969167523124358 0.07399794450154162 0.997944501541624 0.0853031860226105 0.7872559095580678 0.0030832476875642337 0.7790339157245632
1 0.0030832476875642337 0.775950668036999 0.33504624871531347 0.7882836587872559 0.35251798561151076 0.5364850976361768 0.3566289825282631 0.355601233299075 0.0030832476875642337 0.34737923946557037
1 0.40493319630010277 0.5334018499486125 0.4100719424460431 0.33504624871531347 0.9033915724563206 0.3566289825282631 0.9033915724563206 0.5416238437821171
1 0.6423432682425488 0.34224049331963 0.6485097636176773 0.18396711202466598 0.6608427543679344 0.03699897225077081 0.8427543679342242 0.04419321685508735 0.8427543679342242 0.029804727646454265 0.8879753340184995 0.029804727646454265 0.8859198355601233 0.07708119218910586 0.8735868448098664 0.07708119218910586 0.8715313463514902 0.18499486125385406 0.8756423432682425 0.19321685508735867 0.8715313463514902 0.35149023638232274
1 0.24768756423432683 0.2589928057553957 0.3453237410071942 0.26104830421377184 0.3607399794450154 0.012332990750256935 0.25590955806783144 0.007194244604316547
1 0.24254881808838644 0.31449126413155193 0.2528263103802672 0.008221993833504625 0.050359712230215826 0.0030832476875642337 0.05344295991778006 0.11716341212744091 0.14388489208633093 0.11716341212744091 0.13771839671120248 0.31243576567317577
1 0.13874614594039056 0.249743062692703 0.05549845837615622 0.24768756423432683 0.051387461459403906 0.12127440904419322 0.13874614594039056 0.12332990750256938
1 0.0041109969167523125 0.30421377183967113 0.05447070914696814 0.3052415210688592 0.047276464542651594 0.0041109969167523125 0.0020554984583761563 0.0030832476875642337
1 0.41521068859198357 0.017471736896197326 0.5827338129496403 0.019527235354573486 0.5837615621788284 0.21377183967112023 0.41109969167523125 0.21171634121274413
1 0.5868448098663926 0.009249743062692703 0.5889003083247688 0.21377183967112023 0.644398766700925 0.21479958890030834 0.6680369989722508 0.01644398766700925
