1 0.644398766700925 0.131551901336074 0.7153134635149023 0.131551901336074 0.7163412127440903 0.10688591983556012 0.9054470709146968 0.09969167523124357 0.9023638232271325 0.06063720452209661 0.9167523124357657 0.017471736896197326 0.7995889003083247 0.017471736896197326 0.7965056526207606 0.03494347379239465 0.7183967112024666 0.040082219938335044 0.7081192189105859 0.08119218910585817 0.6413155190133607 0.0853031860226105
1 0.13771839671120248 0.06474820143884892 0.11921891058581706 0.10894141829393628 0.14285714285714285 0.16649537512846865 0.24563206577595068 0.18191161356628982 0.25077081192189105 0.1644398766700925 0.302158273381295 0.1644398766700925 0.289825282631038 0.11613566289825282 0.30832476875642345 0.06474820143884892
1 0.30729701952723537 0.21788283658787255 0.23432682425488183 0.21582733812949642 0.2353545734840699 0.23638232271325793 0.11408016443987667 0.2394655704008222 0.11202466598150052 0.2867420349434738 0.10688591983556012 0.33607399794450155 0.15313463514902365 0.3381294964028777 0.1551901336073998 0.3987667009249743 0.3227132579650565 0.4028776978417266 0.355601233299075 0.3946557040082219 0.3545734840698869 0.3371017471736896 0.31551901336073995 0.33093525179856115
1 0.31654676258992803 0.513874614594039 0.2908530318602261 0.5693730729701952 0.31346351490236385 0.6279547790339157 0.16135662898252826 0.6238437821171634 0.14696813977389517 0.6269270298047277 0.1366906474820144 0.5889003083247688 0.1500513874614594 0.5560123329907503 0.1366906474820144 0.5560123329907503 0.14388489208633093 0.5066803699897225
1 0.13771839671120248 0.8766700924974306 0.12949640287769784 0.8376156217882837 0.144912641315519 0.7985611510791366 0.15210688591983557 0.7841726618705036 0.15210688591983557 0.7677286742034943 0.14902363823227133 0.7482014388489209 0.289825282631038 0.7461459403905447 0.2908530318602261 0.7564234326824255 0.3535457348406988 0.7615621788283659 0.329907502569373 0.7934224049331963 0.329907502569373 0.8540596094552929 0.341212744090442 0.8890030832476874 0.29393627954779034 0.8920863309352518 0.23432682425488183 0.8972250770811921 0.20760534429599178 0.8961973278520041 0.20760534429599178 0.8705035971223022
1 0.6957862281603289 0.9928057553956835 0.6803699897225077 0.947584789311408 0.697841726618705 0.9013360739979445 0.7399794450154162 0.9003083247687564 0.7399794450154162 0.8890030832476874 0.8406988694758479 0.8900308324768758 0.8437821171634121 0.9003083247687564 0.8776978417266187 0.9003083247687564 0.8448098663926003 0.9455292908530317 0.8612538540596094 0.9958890030832477
1 0.8715313463514902 0.7975334018499486 0.8571428571428571 0.750256937307297 0.8776978417266187 0.696813977389517 0.8417266187050358 0.6957862281603289 0.8406988694758479 0.6783144912641316 0.7667009249743063 0.6772867420349435 0.7656731757451182 0.6906474820143884 0.7358684480986639 0.6906474820143884 0.7163412127440903 0.7461459403905447 0.7338129496402879 0.8036998972250771
1 0.7029804727646455 0.6063720452209661 0.6875642343268242 0.5570400822199383 0.7070914696813976 0.5005138746145941 0.7831449126413155 0.5035971223021583 0.8746145940390545 0.5118191161356629 0.8622816032887975 0.5611510791366906 0.8787255909558068 0.6084275436793423
1 0.7255909558067831 0.4213771839671121 0.71120246659815 0.37101747173689614 0.7286742034943474 0.31963001027749227 0.8848920863309353 0.32476875642343267 0.8674203494347378 0.37307297019527236 0.8859198355601233 0.42343268242548826
1 0.7738951695786228 0.2805755395683453 0.762589928057554 0.2302158273381295 0.7728674203494347 0.1829393627954779 0.8982528263103802 0.18088386433710174 0.8961973278520041 0.2353545734840699 0.9064748201438849 0.28263103802672146
