1 0.5054945054945055 0.989010989010989 0.4876373626373626 0.47802197802197804 0.9958791208791209 0.489010989010989 0.9986263736263736 0.9821428571428571
0 0.08104430037029019 0.1634614352741843 0.03708791208791209 0.16346153846153846 0.03571409510506503 0.14010988642462746 0.07692307692307693 0.14285714285714285
0 0.10027472527472528 0.1565934065934066 0.12362637362637363 0.1565934065934066 0.125 0.13873626373626374 0.10576923076923077 0.13873626373626374
0 0.1565934065934066 0.16208791208791207 0.17445054945054944 0.16208791208791207 0.17445054945054944 0.13873626373626374 0.1510989010989011 0.13873626373626374
0 0.19230769230769235 0.16895604395604397 0.21978021978021978 0.16758241758241754 0.21565934065934067 0.1401098901098901 0.18681318681318682 0.1401098901098901
0 0.3186813248300033 0.17032967032967034 0.29532967032967034 0.17032967032967034 0.29532967032967034 0.14423076923076922 0.31456043956043955 0.14423076923076922
0 0.33791208791208793 0.17307692307692307 0.3557692307692308 0.17307692307692307 0.3557692307692308 0.14285714285714285 0.342032967032967 0.1401098901098901
0 0.37637362637362637 0.1662087912087912 0.4052197802197802 0.16895604395604397 0.4052197802197802 0.14423076923076922 0.38324175824175827 0.14285714285714285
0 0.43956043956043955 0.17994505494505492 0.45604395604395603 0.17994505494505492 0.45879120879120877 0.14697802197802198 0.4368131868131868 0.14697802197802198 0.4368131868131868 0.16071428571428573
0 0.489010989010989 0.17307692307692307 0.5041208791208791 0.17307692307692307 0.5027472527472527 0.1510989010989011 0.48214285714285715 0.14697802197802198
1 0.005494505494505495 0.20741758241758246 0.5041208791208791 0.21703296703296704 0.5164835164835165 0.008241758241758242 0.005494505494505495 0.004120879120879121
1 0.510989010989011 0.21291208791208793 0.8434065934065934 0.22802197802197802 0.8310439560439561 0.024725274725274728 0.7266483516483517 0.0206043956043956 0.7266483516483517 0.004120879120879121 0.5192307692307693 0.0027472527472527475
1 0.8914835164835165 0.23214285714285715 0.8928571428571429 0.09065934065934066 0.9217032967032966 0.09065934065934066 0.9217032967032966 0.03571428571428571 0.9684065934065934 0.03708791208791209 0.9697802197802197 0.09478021978021978 0.9917582417582418 0.09478021978021978 1.0 0.23214285714285715
1 0.23626373626373623 0.46565934065934067 0.24587912087912087 0.9038461538461539 0.0 0.9038461538461539 0.0013736263736263737 0.47252747252747246
