1 0.15247252747252749 0.32142857142857145 0.15384615384615385 0.004120879120879121 0.3434065934065934 0.005494505494505495 0.3516483516483517 0.31456043956043955
1 0.14148351648351648 0.39972527472527475 0.1510989010989011 0.6057692307692307 0.36126373626373626 0.5989010989010989 0.3557692307692308 0.39285714285714285
1 0.15247252747252749 0.6277472527472527 0.14148351648351648 0.6675824175824175 0.15521978021978022 0.7046703296703298 0.2774725274725275 0.7032967032967034 0.26785714285714285 0.6634615384615384 0.2774725274725275 0.625
1 0.885989010989011 0.7513736263736264 0.8063186813186813 0.7527472527472527 0.8021978021978022 0.7060439560439561 0.8846153846153846 0.6991758241758241
1 0.8708791208791209 0.5054945054945055 0.8708791208791209 0.4203296703296704 0.9739010989010989 0.4203296703296704 0.9958791208791209 0.40934065934065933 0.9986263736263736 0.5096153846153846
1 0.907967032967033 0.8241758241758241 0.9065934065934066 0.7293956043956044 0.9986263736263736 0.7252747252747253 0.9945054945054946 0.8145604395604396
1 0.2651098901098901 0.9642857142857143 0.2541208791208791 0.9244505494505495 0.260989010989011 0.8777472527472527 0.1648351648351648 0.8763736263736264 0.15384615384615385 0.9258241758241759 0.16346153846153846 0.9711538461538461
1 0.15521978021978022 0.8626373626373627 0.14148351648351648 0.8214285714285714 0.1510989010989011 0.7788461538461539 0.3296703296703296 0.7760989010989011 0.33104395604395603 0.815934065934066 0.3434065934065934 0.8585164835164835
1 0.1510989010989011 0.7664835164835165 0.1565934065934066 0.7252747252747253 0.342032967032967 0.7225274725274725 0.3351648351648351 0.7692307692307694
1 0.9945054945054946 0.9203296703296702 0.6346153846153846 0.934065934065934 0.6346153846153846 0.9945054945054946 0.9986263736263736 0.9972527472527473
