1 0.005494505494505495 0.7747252747252747 0.12362637362637363 0.771978021978022 0.12087912087912088 0.5892857142857143 0.005494505494505495 0.5892857142857143
1 0.0027472527472527475 0.826923076923077 0.0013736263736263737 0.9313186813186813 0.10576923076923077 0.9244505494505495 0.10714285714285714 0.8186813186813187
1 0.004120879120879121 0.510989010989011 0.061813186813186816 0.5123626373626373 0.049450549450549455 0.35027472527472525 -0.0013736263736263737 0.3516483516483517
1 0.4546703296703296 0.978021978021978 0.44368131868131866 0.8255494505494505 0.5274725274725275 0.826923076923077 0.5384615384615384 0.9766483516483517
1 0.7829680106078745 0.9601648019974712 0.766484494124358 0.8186812855139547 0.858517461157325 0.8159340327667021 0.8667592193990832 0.9574175492502184
1 0.5673077046050614 0.9739011025863615 0.550824188121545 0.8324175861028451 0.6428571551545119 0.8296703333555924 0.6510989133962701 0.9711538498391087
1 0.6717037763006906 0.9656593222330274 0.6552202598171742 0.8241758057495109 0.7472532268501411 0.8214285530022581 0.7554949850918993 0.9629120694857746
1 0.4423076923076923 0.510989010989011 0.43543956043956045 0.3392857142857143 0.5274725274725275 0.33379120879120877 0.5343406593406593 0.37362637362637363 0.5370877583707987 0.43406609253222794 0.5535714285714286 0.44505494505494503 0.5563186813186813 0.48214285714285715 0.5590659340659341 0.5027472527472527
1 0.625 0.4601648351648351 0.6208791208791209 0.31456043956043955 0.6923076923076923 0.3131868131868132 0.739010989010989 0.3173076923076923 0.7376373626373627 0.4766483516483517
1 0.7692307692307694 0.4532967032967033 0.7651098901098901 0.3351648351648351 0.8118131868131868 0.33379120879120877 0.8104395604395604 0.3090659340659341 0.8804945054945054 0.30631868131868134 0.8804945054945054 0.4546703296703296
1 0.9162087912087913 0.4340659340659341 0.9134615384615384 0.3269230769230769 0.9478021978021978 0.32554945054945056 0.9491758241758241 0.29945054945054944 0.9958791208791209 0.29945054945054944 0.9972527472527473 0.43543956043956045
