1 0.12744090441932168 0.32322713257965063 0.12538540596094552 0.24717368961973282 0.1408016443987667 0.24614594039054474 0.14182939362795477 0.23895169578622816 0.24152106885919836 0.23997944501541624 0.24254881808838644 0.3221993833504626
1 0.13874614594039056 0.3591983556012333 0.13771839671120248 0.4784172661870504 0.23227132579650564 0.4835560123329908 0.2589928057553957 0.4681397738951695 0.2579650565262076 0.394141829393628 0.23227132579650564 0.394141829393628 0.22713257965056527 0.3643371017471737
1 0.11510791366906475 0.828365878725591 0.11819116135662897 0.7420349434737923 0.22404933196300103 0.7389516957862281 0.21479958890030834 0.7872559095580678 0.21891058581706066 0.8324768756423431
1 0.11510791366906475 0.9886947584789312 0.10483042137718396 0.9445015416238437 0.11716341212744091 0.8961973278520038 0.2261048304213772 0.8982528263103801 0.23432682425488183 0.9886947584789312
1 0.329907502569373 0.9804727646454264 0.329907502569373 0.9075025693730729 0.42754367934224047 0.9054470709146968 0.4306269270298047 0.9825282631038026 0.34224049331963 0.9835560123329907
1 0.539568345323741 0.9856115107913669 0.5354573484069888 0.9671120246659813 0.5344295991778006 0.9229188078108941 0.5107913669064749 0.921891058581706 0.5066803699897225 0.8170606372045219 0.593011305241521 0.8139773895169578 0.5909558067831449 0.8633093525179855 0.6135662898252826 0.8694758478931139 0.6176772867420349 0.9804727646454264
1 0.658787255909558 0.9866392600205549 0.6433710174717369 0.8705035971223021 0.6505652620760535 0.803699897225077 0.7255909558067831 0.8016443987667007 0.7286742034943474 0.9835560123329907
1 0.8129496402877698 0.963001027749229 0.7893114080164441 0.5611510791366905 0.935251798561151 0.5560123329907503 0.9588900308324768 0.9547790339157244
1 0.5683453237410072 0.6536485097636175 0.5560123329907503 0.6084275436793422 0.5621788283658787 0.5724563206577593 0.4265159301130524 0.5693730729701951 0.4141829393627955 0.6577595066803699 0.5570400822199384 0.6557040082219937
1 0.23227132579650564 0.6628982528263103 0.237410071942446 0.5796505652620759 0.11716341212744091 0.5765673175745116 0.10996916752312437 0.6145940390544706 0.11202466598150052 0.6618705035971222
1 0.4347379239465571 0.44604316546762574 0.42754367934224047 0.4049331963001027 0.44398766700924974 0.3648509763617676 0.5560123329907503 0.3648509763617676 0.5508735868448099 0.3997944501541623 0.5580678314491264 0.4398766700924973
1 0.12435765673175744 0.1860226104830421 0.12538540596094552 0.10380267214799589 0.3103802672147996 0.10380267214799589 0.3175745118191161 0.19321685508735867
1 0.433710174717369 0.22918807810894143 0.4378211716341213 0.09455292908530319 0.526207605344296 0.09044193216855088 0.527235354573484 0.22096608427543682
1 0.6536485097636177 0.17985611510791366 0.7348406988694759 0.11408016443987667 0.6505652620760535 0.020554984583761562 0.5734840698869476 0.07194244604316546
1 0.7225077081192189 0.0020554984583761563 0.8047276464542651 0.09660842754367933 0.8694758478931142 0.051387461459403906 0.829393627954779 0.0020554984583761563
