1 0.15210688591983557 0.538540596094553 0.1500513874614594 0.4573484069886948 0.05549845837615622 0.4573484069886948 0.05755395683453238 0.5405960945529291
1 0.18705035971223022 0.5858170606372045 0.18910585817060638 0.4522096608427544 0.2816032887975334 0.45323741007194246 0.2805755395683453 0.590955806783145
1 0.3175745118191161 0.5765673175745119 0.31449126413155193 0.4522096608427544 0.40801644398766695 0.44707091469681404 0.40698869475847893 0.5745118191161357
1 0.4193216855087359 0.5035971223021583 0.4182939362795478 0.40493319630010277 0.4614594039054471 0.40184994861253853 0.4614594039054471 0.381294964028777 0.5560123329907503 0.3802672147995889 0.5529290853031861 0.5025693730729702
1 0.605344295991778 0.512846865364851 0.590955806783145 0.4635149023638232 0.605344295991778 0.4100719424460431 0.7420349434737923 0.41109969167523125 0.7266187050359713 0.45940390544707094 0.7461459403905447 0.5097636176772867
1 0.5940390544707091 0.671120246659815 0.593011305241521 0.5611510791366906 0.7389516957862283 0.5611510791366906 0.7307297019527236 0.6731757451181912 0.6115108063005096 0.6721479773217464
1 0.20966084275436794 0.15313463514902365 0.19321685508735867 0.08324768756423433 0.20246659815005139 0.02466598150051387 0.19424460431654678 0.0020554984583761563 0.08735868448098665 0.0010277492291880781 0.09455292908530319 0.08633093525179855 0.09866392600205548 0.15621788283658788
1 0.27852004110996914 0.1510791366906475 0.2641315519013361 0.07708119218910586 0.2733812949640288 0.025693730729701953 0.39260020554984576 0.019527235354573486 0.38232271325796513 0.06783144912641316 0.41109969167523125 0.1500513874614594
1 0.5817060637204522 0.1408016443987667 0.5837615621788284 0.0853031860226105 0.5375128468653648 0.0842754367934224 0.5375128468653648 0.009249743062692703 0.41109969167523125 0.012332990750256935 0.40801644398766695 0.07913669064748201 0.44398766700924974 0.07810894141829394 0.44398766700924974 0.1459403905447071
1 0.6515930113052416 0.11202466598150052 0.6392600205549845 0.0565262076053443 0.656731757451182 0.0030832476875642337 0.8160328879753339 0.008221993833504625 0.817060637204522 0.09866392600205548
1 0.5570400822199383 0.7656731757451182 0.5519013360739979 0.73792394655704 0.5611510791366906 0.7050359712230215 0.5981500513874615 0.7070914696813976 0.5981500513874615 0.6937307297019527 0.7297019527235356 0.6927029804727647 0.710174717368962 0.7358684480986639 0.7286742034943474 0.7882836587872559 0.5971223021582733 0.7790339157245632 0.5971223021582733 0.7677286742034943
1 0.6217882836587872 0.8314491264131552 0.7255909558067831 0.8345323741007195 0.7132579650565262 0.8725590955806782 0.7214799588900308 0.9229188078108942 0.6187050359712231 0.9229188078108942 0.5734840698869476 0.9177800616649537 0.5755395683453237 0.8427543679342242
1 0.6238437821171634 0.9630010277492292 0.723535457348407 0.9681397738951696 0.7276464542651593 0.9804727646454264 0.7687564234326826 0.9835560123329907 0.7687564234326826 0.997944501541624 0.6238437821171634 0.9958890030832477 0.6238437821171634 0.9753340184994861
