1 0.6094552929085303 0.23843782117163412 0.605344295991778 0.18396711202466598 0.6135662898252826 0.12332990750256938 0.7194244604316546 0.12435765673175746 0.7214799588900308 0.0853031860226105 0.8335046248715314 0.0853031860226105 0.8314491264131552 0.24152106885919836
1 0.6896197327852004 0.42034943473792397 0.6803699897225077 0.36279547790339156 0.6927029804727647 0.30318602261048305 0.8499486125385406 0.30832476875642345 0.8633093525179857 0.4244604316546763
1 0.7718395043616791 0.6793422301781769 0.7708117551324912 0.5889002980096261 0.6670090829844953 0.5899280472388141 0.6681431041168713 0.625696528080571 0.6557038252853564 0.6413155086982181 0.6505650953174861 0.6762589824906127 0.6639258352969309 0.7132579547413834 0.6670090829844953 0.7430626823878379 0.7734665845547813 0.746104177591005
1 0.9157245706733791 0.6824254840548268 0.9146968214441911 0.5919835518862758 0.8108941492961952 0.593011301115464 0.8120281704285712 0.6287797819572208 0.7995888915970564 0.6443987625748678 0.7944501616291859 0.6793422363672624 0.8078109016086309 0.7163412086180334 0.8108941492961952 0.7461459362644877 0.9173516508664812 0.7491874314676548
1 0.6115107913669064 0.7440904419321686 0.6115107913669064 0.6783144912641316 0.6176772867420349 0.6649537512846865 0.6115107913669064 0.6310380267214799 0.6176772867420349 0.6115107913669064 0.6217882836587872 0.591983556012333 0.5107913669064749 0.5889003083247688 0.5066803699897225 0.6341212744090442 0.49743062692702983 0.6639260020554985 0.5005138746145941 0.6875642343268242 0.5046248715313464 0.7420349434737923
1 0.07399794450154162 0.7019527235354573 0.05447070914696814 0.6289825282631039 0.07810894141829394 0.5601233299075026 0.23843782117163412 0.5683453237410072 0.21685508735868445 0.6351490236382322 0.2353545734840699 0.7050359712230215
1 0.34737923946557037 0.6885919835560124 0.29907502569373073 0.6865364850976363 0.3011305241521069 0.5447070914696814 0.3936279547790339 0.5488180883864338 0.3946557040082219 0.579650565262076 0.4182939362795478 0.579650565262076 0.41623843782117165 0.5991778006166495 0.4635149023638232 0.6002055498458376 0.4614594039054471 0.7266187050359713 0.34326824254881816 0.7173689619732785
1 0.06166495375128469 0.5118191161356629 0.050359712230215826 0.474820143884892 0.06680369989722508 0.4244604316546763 0.09763617677286743 0.42754367934224047 0.09763617677286743 0.4193216855087359 0.2579650565262076 0.4172661870503597 0.2569373072970195 0.5087358684480987 0.22302158273381295 0.5097636176772867 0.22199383350462487 0.5220966084275437
1 0.07708119218910586 0.3658787255909558 0.06372045220966084 0.32065775950668035 0.0842754367934224 0.2692702980472765 0.23329907502569372 0.27646454265159304 0.22404933196300103 0.32682425488180883 0.23843782117163412 0.37101747173689614
1 0.2528263103802672 0.20863309352517986 0.2446043165467626 0.16649537512846865 0.2538540596094553 0.12024665981500514 0.08735868448098665 0.11510791366906475 0.0750256937307297 0.1644398766700925 0.08941418293936279 0.21479958890030834
1 0.2682425488180884 0.04933196300102774 0.2589928057553957 0.0041109969167523125 0.10380267214799589 0.0030832476875642337 0.11099691675231244 0.051387461459403906
