1 0.7389516957862283 0.7697839085942207 0.7286742034943474 0.7204519455931931 0.7348406988694759 0.6752309795089176 0.7985611510791366 0.6752309795089176 0.7985611510791366 0.6700922333629772 0.8643371017471737 0.6680367349046011 0.869475847893114 0.6813974748840462 0.9331963001027749 0.67934197642567 0.9311408016443987 0.7708116578234089
1 0.7389516957862283 0.9013360739979445 0.7286742034943474 0.8520041109969168 0.7348406988694759 0.8067831449126414 0.7985611510791366 0.8067831449126414 0.7985611510791366 0.8016443987667009 0.8643371017471737 0.7995889003083247 0.869475847893114 0.8129496402877698 0.9331963001027749 0.8108941418293937 0.9311408016443987 0.9023638232271325
1 0.6032887975334018 0.998972250770812 0.6022610483042138 0.9116135662898253 0.3062692702980473 0.9157245632065777 0.3062692702980473 0.997944501541624
1 0.3854059609455293 0.5601233299075026 0.37923946557040084 0.5046248715313464 0.3946557040082219 0.4563206577595067 0.5416238437821171 0.4573484069886948 0.5375128468653648 0.4779033915724563 0.6094552929085303 0.48098663926002055 0.6115107913669064 0.460431654676259 0.7050359712230215 0.46557040082219936 0.7019527235354573 0.5899280575539568 0.6012332990750257 0.591983556012333 0.6012332990750257 0.566289825282631
1 0.3751284686536485 0.9033915724563206 0.3658787255909558 0.8602261048304214 0.37410071942446044 0.8180883864337102 0.43884892086330934 0.8211716341212744 0.44295991778006166 0.802672147995889 0.5097636176772867 0.8047276464542652 0.5107913669064749 0.8201438848920862 0.5652620760534429 0.8201438848920862 0.566289825282631 0.8036998972250771 0.6104830421377184 0.8078108941418294 0.6104830421377184 0.8859198355601233 0.5734840698869476 0.8879753340184995 0.5704008221993834 0.8972250770811921 0.4933196300102775 0.8972250770811921 0.4850976361767729 0.9054470709146968 0.4614594039054471 0.9054470709146968 0.4460431654676259 0.8931140801644397
1 0.381294964028777 0.7595066803699896 0.3720452209660843 0.7132579650565262 0.37821171634121276 0.6731757451181912 0.5745118191161357 0.671120246659815 0.5642343268242549 0.7687564234326826
1 0.7420349347625239 0.44295987858251995 0.8705035971223022 0.4491264131551901 0.881808838643371 0.6485097636176773 0.7553956834532375 0.6608427543679344
1 0.5868448098663926 0.10996916752312436 0.5889003083247688 0.0030832476875642337 0.7934224049331963 0.0020554984583761563 0.7872559095580678 0.1223021582733813
1 0.997944501541624 0.16752312435765673 0.8129496402877698 0.16238437821171633 0.8129496402877698 0.0 0.9969167523124358 0.0030832476875642337
1 0.9239465570400821 0.998972250770812 0.9270298047276464 0.9290853031860226 0.8057553956834532 0.9311408016443987 0.8067831449126414 0.9445015416238438 0.7708119218910586 0.9465570400822201 0.7708119218910586 0.9958890030832477
