1 0.14182939362795477 0.12127440904419322 0.12538540596094552 0.06885919835560124 0.13771839671120248 0.017471736896197326 0.27852004608783687 0.017471726581054763 0.2672147995889003 0.06783144912641316 0.27852004110996914 0.1223021582733813
1 0.1397738951695786 0.1726618705035971 0.131551901336074 0.22713257965056527 0.13771839671120248 0.2867420349434738 0.28879753340184994 0.2857142857142857 0.2816032887975334 0.22404933196300103 0.2908530318602261 0.1695786228160329
1 0.14388489208633093 0.3227132579650565 0.27132579650565264 0.32476875642343267 0.26002055498458376 0.37410071942446044 0.2744090441932169 0.4193216855087359 0.13874614594039056 0.4224049331963001 0.12744090441932168 0.3751284686536485
1 0.13052415210688592 0.9486125385405961 0.20349434737923947 0.949640287769784 0.20760534429599178 0.9064748201438849 0.21788283658787255 0.9064748201438849 0.21685508735868445 0.7738951695786228 0.10791366906474821 0.7728674203494347 0.11099691675231244 0.9064748201438849 0.13257965056526208 0.9095580678314491
1 0.33504624871531347 0.9414182939362796 0.3329907502569373 0.9229188078108942 0.31551901336073995 0.9229188078108942 0.31449126413155193 0.8057553956834532 0.4306269270298047 0.8088386433710175 0.42754367934224047 0.9434737923946557
1 0.5580678314491264 0.8489208633093526 0.6258992805755396 0.7831449126413155 0.527235354573484 0.6649537512846865 0.4491264131551901 0.7266187050359713
1 0.12744090441932168 0.6834532374100719 0.13771839671120248 0.750256937307297 0.2733812949640288 0.7420349434737923 0.26515930113052416 0.6865364850976363 0.2816032887975334 0.6361767728674204 0.13874614594039056 0.6310380267214799
1 0.14285714285714285 0.5889003083247688 0.12744090441932168 0.539568345323741 0.14388489208633093 0.4902363823227132 0.27029804727646456 0.48818088386433717 0.2641315519013361 0.5375128468653648 0.2744090441932169 0.5878725590955807
1 0.5765673175745119 0.3545734840698869 0.6279547790339157 0.31654676258992803 0.5745118191161357 0.25077081192189105 0.527235354573484 0.289825282631038
1 0.6464542651593012 0.7307297019527236 0.6012332990750257 0.6896197327852004 0.578622816032888 0.645426515930113 0.6803699897225077 0.5590955806783144 0.7060637204522097 0.6073997944501541 0.7420349434737923 0.6505652620760535
1 0.6916752312435765 0.539568345323741 0.7708119218910586 0.6330935251798561 0.8550873586844809 0.5621788283658787 0.7780061664953751 0.46659815005138744 0.7667009249743063 0.4696813977389517 0.7399794450154162 0.44398766700924974 0.7327852004110997 0.4501541623843782 0.7009249743062693 0.4131551901336074 0.6772867420349435 0.4409044193216855 0.6464542651593012 0.46248715313463523 0.7019527235354573 0.5251798561151079
1 0.723535457348407 0.9969167523124358 0.6998972250770812 0.9753340184994861 0.7389516957862283 0.9403905447070915 0.7893114080164438 0.9003083247687564 0.869475847893114 0.997944501541624
1 0.9085303186022611 0.949640287769784 0.8314491264131552 0.8653648509763617 0.947584789311408 0.7697841726618705 1.0 0.8304213771839671 0.997944501541624 0.8735868448098664
1 0.6906474820143884 0.3997944501541624 0.6372045220966084 0.33607399794450155 0.696813977389517 0.2867420349434738 0.7543679342240494 0.34326824254881816
1 0.7636176772867419 0.03597122302158273 0.7985611510791366 0.014388489208633094 0.7923946557040082 0.0020554984583761563 0.9393627954779034 0.0041109969167523125 0.9547790339157245 0.02672147995889003 0.8684480986639261 0.09763617677286743 0.8232271325796505 0.05960945529290853 0.7882836587872559 0.07091469681397738
1 0.987667009249743 0.35149023638232274 0.9527235354573484 0.30935251798561153 0.8890030832476874 0.34635149023638234 0.9743062692702981 0.4409044193216855 0.998972250770812 0.4193216855087359
