1 0.4478021978021978 0.7060439560439561 0.44642857142857145 0.592032967032967 0.5439560439560439 0.5879120879120879 0.5439560439560439 0.701923076923077
1 0.5865384615384616 0.6950549450549449 0.5851648351648352 0.5879120879120879 0.6717032967032966 0.5851648351648352 0.6771978021978022 0.701923076923077
1 0.7348901098901099 0.7115384615384616 0.7184065934065934 0.5769230769230769 0.8021978021978022 0.5769230769230769 0.8049450549450551 0.7060439560439561
1 0.8434065934065934 0.7458791208791209 0.8434065934065934 0.5837912087912088 0.9491758241758241 0.5865384615384616 0.9436813186813187 0.7458791208791209
1 0.5975274725274725 0.9065934065934066 0.5906593406593407 0.8200549450549449 0.4642857142857143 0.8145604395604396 0.4574175824175824 0.9175824175824175
1 0.08653846153846154 0.7554945054945054 0.07967032967032966 0.6002747252747253 0.004120879120879121 0.5961538461538461 0.0 0.760989010989011 0.07005494505494506 0.7596153846153846
1 0.005494505494505495 0.7870879120879121 0.07005494505494506 0.7870879120879121 0.07554945054945054 0.9931319012992319 0.0013736263736263737 0.9917582417582418
1 0.028846153846153844 0.2760989010989011 0.11401098901098901 0.2760989010989011 0.1043956043956044 0.08653846153846154 0.019230769230769232 0.07967032967032966 0.01098901098901099 0.2403846153846154
1 0.6442312488281631 0.2348900914637966 0.6483521279490422 0.09203294860665377 0.5535719081688225 0.09340657498028014 0.5604400400369544 0.24450547607918122
1 0.755495483135347 0.23489009146379666 0.7596163622562261 0.09203294860665379 0.6648361424760064 0.09340657498028015 0.6717042743441383 0.24450547607918124
1 0.5370879120879121 0.23763735158157467 0.5412087912087912 0.09478020872443184 0.44642857142857145 0.09615383509805821 0.4532967032967033 0.24725273619695926
1 0.782967032967033 0.2101648351648352 0.782967032967033 0.09752747252747254 0.8722527472527473 0.09478021978021978 0.8818681318681318 0.2101648351648352
