1 0.001373626373626366 0.7197819002599881 0.10439570892324156 0.7156610285096342 0.09752757090642512 0.7664851932780219 0.10714294322444068 0.8228038745967032 -7.771561172376097e-18 0.822803878281966
1 0.004120879120879121 0.09340659340659341 0.08379120879120877 0.08653846153846154 0.0782967032967033 0.14148351648351648 0.09065934065934066 0.19780219780219782 0.0027472527472527475 0.19642857142857142
1 0.0013736263736263679 0.2513740501788311 0.08104395604395602 0.24450591831069918 0.07554945054945054 0.29945097325575415 0.0879120879120879 0.3557696545744355 -5.828670879282072e-18 0.35439602820080907
1 0.0013736263736263805 0.4065942468332907 0.09615391378937609 0.4010997450240478 0.0906594082948706 0.4546711699102138 0.10027478061288614 0.5068689610522281 6.661338147750939e-18 0.5096162248552687
1 0.0013736263736263716 0.5604408134288613 0.09615391378937609 0.5549463116196184 0.09065940829487058 0.6085177365057843 0.10027478061288612 0.6607155276477986 -2.220446049250313e-18 0.6634627914508393
1 0.004120879120879121 0.9876373626373627 0.004120879120879121 0.9203296703296702 0.10989010989010989 0.9148351648351648 0.10576923076923077 0.9848901098901099
1 0.48626373626373626 0.06868131868131869 0.6098901098901099 0.0782967032967033 0.614010989010989 0.19230769230769235 0.49313186813186816 0.19642857142857142
1 0.4903846153846153 0.22115384615384615 0.4945054945054945 0.28708791208791207 0.701923076923077 0.28708791208791207 0.6978021978021978 0.20604395604395603
1 0.4381868131868132 0.3942307692307692 0.4409340659340659 0.5412087912087912 0.9148351648351648 0.5164835164835165 0.9065934065934066 0.375
1 0.6181318681318682 0.9917582417582418 0.6167582417582418 0.8598901098901099 0.510989010989011 0.8571428571428571 0.5247252747252747 0.9986263736263736
1 0.6895604395604396 0.9972527472527473 0.6799450549450551 0.6799450549450551 0.8653846153846154 0.6758241758241759 0.8804945054945054 0.9972527472527473
