1 0.7780061627619743 0.3350459846476639 0.7697841689284697 0.28776952010501233 0.7780061627619743 0.23432656018723222 0.931140797910998 0.23329881095804417 0.9208633056191171 0.28365852318826 0.9352517948277503 0.33710148310604005 0.788283657542789 0.33504597020646437
1 0.7810894141829394 0.46659815005138744 0.7728674203494347 0.4193216855087359 0.7810894141829394 0.3658787255909558 0.934224049331963 0.3648509763617678 0.9239465570400821 0.41521068859198357 0.9383350462487153 0.46865364850976365 0.791366908963754 0.4665981356101879
1 0.7553956834532375 0.20760534429599178 0.8191161356628982 0.20760534429599178 0.8191161356628982 0.19630010277492288 0.9321685508735869 0.18910585817060638 0.9290853031860226 0.14285714285714285 0.9321685508735869 0.09455292908530319 0.802672147995889 0.09352517985611511 0.802672147995889 0.10174717368961973 0.7595066803699896 0.10277492291880781 0.7595066803699896 0.1223021582733813 0.73792394655704 0.12744090441932168 0.7410071942446043 0.2065775950668037
1 0.5488180883864338 0.2261048304213772 0.5529290853031861 0.11819116135662897 0.3761562178828366 0.11613566289825282 0.3761562178828366 0.22302158273381295
1 0.3751284686536485 0.3699897225077081 0.3484069886947585 0.3535457348406988 0.34737923946557037 0.32785200411099696 0.37101747173689614 0.31243576567317577 0.3720452209660843 0.28776978417266186 0.42857142857142855 0.2846865364850976 0.43782117163412126 0.30935251798561153 0.46865364850976365 0.30935251798561153 0.4902363823227132 0.2774922918807811 0.5220966084275437 0.27852004110996914 0.5447070914696814 0.30832476875642345 0.5734840698869476 0.31243576567317577 0.5745118191161357 0.32682425488180883 0.6639260020554985 0.32682425488180883 0.6628982528263104 0.3874614594039055 0.5693730729701952 0.39157245632065774 0.5683453237410072 0.4552929085303186 0.37821171634121276 0.44809866392600206
1 0.3638232258881128 0.8787255868297497 0.3699897212632412 0.6937307255758957 0.4717368949528609 0.6968139732634598 0.472764644182049 0.7584789270147446 0.5436793409960265 0.7646454223898731 0.5447070902252145 0.802672143869832 0.5632065763505999 0.829393623828722 0.5878725578511138 0.829393623828722 0.5827338117051734 0.8900308283508186 0.48930139658104144 0.8869402458184594 0.4871901394815715 0.8987179711623192 0.42647515641444045 0.8939033125385549 0.4241126581167711 0.8811890208211737
1 0.5940390544707091 0.6618705035971223 0.5899280575539568 0.6289825282631039 0.5673175745118191 0.6104830421377184 0.5642343268242549 0.5868448098663926 0.5878725590955807 0.5652620760534429 0.5940390544707091 0.5251798561151079 0.3977389516957862 0.5344295991778006 0.39260020554984576 0.6002055498458376 0.4141829393627955 0.605344295991778 0.41521068859198357 0.65775950668037 0.4779033915724563 0.6557040082219939
1 0.3648509763617678 0.9958890030832477 0.35765673175745116 0.9640287769784173 0.3658787255909558 0.9177800616649537 0.5498458376156218 0.9136690647482014 0.539568345323741 0.9619732785200411 0.5508735868448099 0.9948612538540597
1 0.947584789311408 0.9948612538540597 0.947584789311408 0.9331963001027749 0.7738951695786228 0.9373072970195273 0.7728674203494347 0.9948612538540597
1 0.7821171634121274 0.9085303186022611 0.7790339157245632 0.8304213771839671 0.91983556012333 0.8242548818088387 0.9249743062692705 0.920863309352518
1 0.7636176772867419 0.7954779033915724 0.7605344295991778 0.6875642343268242 0.9218910585817061 0.68448098663926 0.91983556012333 0.7975334018499486
1 0.7553956834532375 0.6731757451181912 0.7512846865364851 0.5169578622816033 0.8756423432682425 0.5179856115107914 0.8735868398319987 0.5313463205448086 0.9424460431654677 0.5303186022610483 0.9465570400822201 0.6145940390544707 0.9136690647482014 0.6145940390544707 0.9188078108941419 0.6536485097636177 0.9033915724563206 0.6680369989722508
