1 0.19218910585817064 0.8376156217882837 0.19424460431654678 0.7142857142857143 0.09660842754367933 0.7142857142857143 0.09763617677286743 0.7718396711202467 0.10071942446043165 0.8335046248715314
1 0.2394655704008222 0.8776978417266187 0.24768756423432683 0.6495375128468653 0.33093525179856115 0.6515930113052416 0.32476875642343267 0.8797533401849948
1 0.36793422404933196 0.9856115107913669 0.36279547790339156 0.9393627954779034 0.3494347379239466 0.8931140801644397 0.3699897225077081 0.8602261048304214 0.36896197327852 0.8201438848920862 0.45837615621788286 0.8201438848920862 0.45837615621788286 0.8509763617677286 0.4707091469681398 0.8530318602261048 0.46557040082219936 0.9845837615621789
1 0.18088386433710174 0.6670092497430626 0.1726618705035971 0.6351490236382322 0.1747173689619733 0.5981500513874615 0.1778006166495375 0.566289825282631 0.12744090441932168 0.5590955806783144 0.13360739979445016 0.5334018499486125 0.020554984583761562 0.527235354573484 0.0041109969167523125 0.5642343268242549 0.018499486125385406 0.6115107913669064 0.05344295991778006 0.6156217882836588 0.050359712230215826 0.6834532374100719 0.08324768756423433 0.68448098663926 0.13257965056526208 0.68448098663926 0.13566289825282632 0.6659815005138746
1 0.03494347379239465 0.4892086330935252 0.020554984583761562 0.4398766700924974 0.03699897225077081 0.39260020554984576 0.18396711202466598 0.39260020554984576 0.16649537512846865 0.4450154162384379 0.18602261048304214 0.4902363823227132
1 0.02877697841726619 0.35868448098663924 0.170606372045221 0.36382322713257964 0.1778006166495375 0.249743062692703 0.02774922918807811 0.2446043165467626
1 0.013360739979445015 0.20966084275436794 0.0010277492291880781 0.11099691675231244 0.014388489208633094 0.02877697841726619 0.11921891058581706 0.029804727646454265 0.10688591983556012 0.10791366906474821 0.12127440904419322 0.20966084275436794
1 0.47584789311408016 0.998972250770812 0.4799588900308325 0.9825282631038027 0.47584789311408016 0.9527235354573484 0.49126413155190135 0.9516957862281603 0.4892086330935252 0.8386433710174718 0.5971223021582733 0.8437821171634121 0.5991778006166495 0.881808838643371 0.6341212744090442 0.881808838643371 0.6330935251798561 0.9630010277492292 0.6032887975334018 0.9630010277492292 0.6002055498458376 0.9928057553956835
1 0.4840698869475848 0.20760534429599178 0.48715313463514903 0.047276464542651594 0.36279547790339156 0.043165467625899276 0.3566289825282631 0.21582733812949642
1 0.29907502569373073 0.21685508735868445 0.302158273381295 0.040082219938335044 0.20760534429599178 0.03802672147995889 0.20760534429599178 0.06474820143884892 0.19835560123329907 0.065775950668037 0.17985611510791366 0.10483042137718397 0.20246659815005139 0.13874614594039056 0.20966084275436794 0.21171634121274413
1 0.7543679342240494 0.35765673175745116 0.7543679342240494 0.2774922918807811 0.7348406988694759 0.27852004110996914 0.7317574511819116 0.23432682425488183 0.7081192189105859 0.19116135662898256 0.7276464542651593 0.16238437821171633 0.7327852004110997 0.09558067831449128 0.8468653648509765 0.10071942446043165 0.8468653648509765 0.1644398766700925 0.8735868448098664 0.17368961973278518 0.8602261048304214 0.2014388489208633 0.8766700924974306 0.23329907502569372 0.8561151079136691 0.2353545734840699 0.8581706063720452 0.355601233299075
1 0.538540596094553 0.09558067831449128 0.5960945529290853 0.09660842754367933 0.5960945529290853 0.11510791366906475 0.6361767728674204 0.11408016443987667 0.6361767728674204 0.2795477903391572 0.5190133607399794 0.27646454265159304 0.5169578622816033 0.19835560123329907 0.5077081192189106 0.1695786228160329 0.526207605344296 0.12744090441932168 0.5344295991778006 0.1264131551901336
