1 0.28263103802672146 0.9948612538540597 0.2846865364850976 0.8622816032887975 0.3946557040082219 0.8622816032887975 0.39671120246659813 0.8982528263103802 0.434737923946557 0.8982528263103802 0.43268242548818087 0.9773895169578622 0.3946557040082219 0.9743062692702981 0.3946557040082219 0.9969167523124358
1 0.6197327852004111 0.9218910585817061 0.6073997944501541 0.8715313463514902 0.6248715313463515 0.8139773895169579 0.8273381294964028 0.8232271325796505 0.8036998972250771 0.8756423432682425 0.8242548818088387 0.9260020554984584 0.6341212744090442 0.9260020554984584
1 0.37101747173689614 0.7944501541623843 0.37410071942446044 0.7183967112024666 0.237410071942446 0.7153134635149023 0.23227132579650564 0.7882836587872559
1 0.23432682425488183 0.6813977389516956 0.23432682425488183 0.5847893114080165 0.31963001027749227 0.5806783144912642 0.3257965056526208 0.6207605344295992 0.37101747173689614 0.6289825282631039 0.3699897225077081 0.6813977389516956
1 0.5375128468653648 0.7995889003083247 0.5375128468653648 0.7214799588900308 0.6947584789311407 0.7122302158273383 0.6947584789311407 0.697841726618705 0.829393627954779 0.6927029804727647 0.8160328879753339 0.750256937307297 0.8221993833504625 0.8036998972250771
1 0.6063720452209661 0.6670092497430626 0.6094552929085303 0.5775950668036999 0.696813977389517 0.5765673175745119 0.6998972250770812 0.5580678314491264 0.7769784172661871 0.5570400822199383 0.775950668036999 0.5714285714285714 0.8324768756423433 0.5745118191161357 0.8191161356628982 0.6115107913669064 0.828365878725591 0.6608427543679344
1 0.659815005138746 0.5375128468653648 0.6721479958890031 0.34018499486125386 0.8417266187050358 0.3453237410071942 0.8376156217882837 0.5375128468653648
1 0.8797533401849948 0.23432682425488183 0.8797533401849948 0.09352517985611511 0.7595066803699896 0.09763617677286743 0.7615621788283659 0.28263103802672146 0.8437821171634121 0.2867420349434738 0.8396711202466598 0.237410071942446
1 0.7399794487488172 0.2805755436944024 0.7389516982751622 0.21171633914971558 0.7029804752535794 0.20863309146215137 0.6834532398990057 0.16546762383625208 0.7019527260243913 0.10791366700171968 0.5765673200634458 0.10174717162659123 0.5621788308548127 0.16649537306544016 0.5775950692926338 0.24665981294211026 0.63309352766879 0.24974306062967447 0.6372045245855423 0.26413154983830756 0.6937307321908867 0.2661870482966837 0.7019527235354573 0.28776978417266186
1 0.5097636176772867 0.25590955806783144 0.5169578622816033 0.20349434737923947 0.5149023638232272 0.170606372045221 0.5241521068859198 0.12949640287769784 0.5292908530318602 0.07913669064748201 0.4265159301130524 0.07605344295991778 0.42857142857142855 0.12435765673175746 0.4193216855087359 0.12435765673175746 0.40082219938335045 0.170606372045221 0.41109969167523125 0.21582733812949642 0.4295991778006167 0.21582733812949642 0.4295991778006167 0.2517985611510791
1 0.298047271486675 0.34224049331963 0.3011305191742392 0.2569373072970195 0.3206577545288126 0.25488180883864336 0.3134635099244961 0.2199383350462487 0.32887974836231726 0.17985611510791366 0.2939362745699226 0.17882836587872558 0.2908530318602261 0.11819116135662897 0.19321685508735867 0.12127440904419322 0.19218910585817064 0.21891058581706063 0.2014388489208633 0.3227132579650565 0.24357656731757452 0.32476875642343267 0.24665981500513876 0.34635149023638234
1 0.13566289825282632 0.2970195272353546 0.13771839671120248 0.2014388489208633 0.12949640287769784 0.1593011305241521 0.14285714285714285 0.11099691675231244 0.1397738951695786 0.0853031860226105 0.041109969167523124 0.08119218910585817 0.03802672147995889 0.10585817060637207 0.0030832476875642337 0.11099691675231244 0.0020554984583761563 0.29907502569373073
