1 0.12435765673175746 0.20452209660842754 0.1264131551901336 0.09866392600205548 0.2857142857142857 0.09866392600205548 0.289825282631038 0.21377183967112023
1 0.13257965056526208 0.2641315519013361 0.28365878725590954 0.2672147995889003 0.26618705035971224 0.3227132579650565 0.2805755395683453 0.36896197327852 0.12949640287769784 0.3699897225077081 0.11510791366906475 0.31551901336073995
1 0.14902363823227133 0.4244604316546763 0.13052415210688592 0.4799588900308325 0.1408016443987667 0.5436793422404933 0.28263103802672146 0.5549845837615622 0.26618705035971224 0.48818088386433717 0.28263103802672146 0.4265159301130524
1 0.1397738951695786 0.5878725590955807 0.1223021582733813 0.645426515930113 0.1366906474820144 0.7070914696813976 0.18705035971223022 0.7132579650565262 0.18910585817060638 0.7297019527235356 0.2733812949640288 0.7327852004110997 0.2733812949640288 0.7142857142857143 0.3114080164439877 0.71120246659815 0.29804727646454265 0.6557040082219939 0.3186022610483042 0.590955806783145
1 0.1366906474820144 0.7451181911613566 0.1366906474820144 0.7687564234326826 0.11819116135662897 0.8067831449126414 0.13566289825282632 0.8509763617677286 0.13360739979445016 0.8715313463514902 0.2918807810894142 0.8746145940390545 0.2805755395683453 0.8221993833504625 0.2867420349434738 0.7656731757451182 0.24768756423432683 0.7656731757451182 0.24871531346351491 0.750256937307297
1 0.11819116135662897 0.9969167523124358 0.12127440904419322 0.9331963001027749 0.2209660842754368 0.935251798561151 0.2209660842754368 0.9506680369989724 0.27132579650565264 0.9506680369989724 0.2692702980472765 0.998972250770812
1 0.3484069886947585 0.24254881808838644 0.35765673175745116 0.0030832476875642337 0.4892086330935252 0.0041109969167523125 0.4830421377183967 0.1408016443987667 0.4398766700924974 0.14285714285714285 0.4398766700924974 0.249743062692703
1 0.512846865364851 0.1408016443987667 0.5159301130524152 0.0020554984583761563 0.645426515930113 0.0051387461459403904 0.644398766700925 0.1459403905447071
1 0.762589928057554 0.20966084275436794 0.7636176772867419 0.10483042137718397 0.9260020554984584 0.11202466598150052 0.91983556012333 0.21582733812949642 0.7667009175075047 0.20760532779176372
1 0.7142857142857143 0.2744090441932169 0.7194244604316546 0.3874614594039055 0.8016443987667009 0.3997944501541624 0.8047276464542652 0.44398766700924974 0.9167523124357657 0.4491264131551901 0.9229188078108942 0.2774922918807811
1 0.47687564234326824 0.4902363823227132 0.5210688591983555 0.4943473792394656 0.579650565262076 0.49229188078108943 0.5775950668036999 0.6063720452209661 0.5179856115107914 0.605344295991778 0.474820143884892 0.6094552929085303
1 0.6680369989722508 0.6300102774922919 0.6680369989722508 0.7348406988694759 0.9044193216855088 0.7430626927029804 0.8920863309352518 0.6885919835560124 0.9023638232271325 0.6402877697841727
1 0.7656731757451182 0.5899280575539568 0.7543679342240494 0.5426515930113053 0.7718396711202467 0.5025693730729702 0.9033915724563206 0.5066803699897225 0.8890030832476874 0.5508735868448099 0.9116135662898253 0.6002055498458376
1 0.8920863309352518 0.880781089414183 0.8941418293936281 0.7831449126413155 0.6896197327852004 0.775950668036999 0.682425488180884 0.8581706063720452 0.775950668036999 0.8653648509763617 0.775950668036999 0.8859198355601233
1 0.8612538540596094 0.9948612538540597 0.8530318602261048 0.9568345323741008 0.8602261048304214 0.9146968139773896 0.671120246659815 0.9157245632065777 0.6700924974306269 0.997944501541624
1 0.45426515930113054 0.9075025693730729 0.4573484069886948 0.8581706063720452 0.38335046248715315 0.8591983556012334 0.38335046248715315 0.9116135662898253
1 0.5632065775950668 0.47687564234326824 0.47584789311408016 0.474820143884892 0.4850976361767729 0.237410071942446 0.5734840698869476 0.23432682425488183
