1 0.3076923076923077 0.2802197802197802 0.5123626373626373 0.2774725274725275 0.5068681318681318 0.050824175824175824 0.3008241758241758 0.054945054945054944
1 0.10714285714285714 0.11538461538461538 0.10027472527472528 0.04395604395604396 0.15796703296703296 0.03571428571428571 0.1565934065934066 0.004120879120879121 0.2403846153846154 0.0013736263736263737 0.24313186813186813 0.10851648351648352
1 0.11675824175824175 0.18818681318681318 0.2403846153846154 0.18406593406593408 0.24587912087912087 0.2815934065934066 0.11675824175824175 0.28434065934065933
1 0.5961538461538461 0.25686813186813184 0.5947802197802198 0.1043956043956044 0.6565934065934066 0.09890109890109891 0.6593406593406592 0.12225274725274725 0.6895604395604396 0.12637362637362637 0.6991758241758241 0.2760989010989011 0.5961538461538461 0.2774725274725275
1 0.75 0.28434065934065933 0.7335164835164835 0.2087912087912088 0.7348901098901099 0.1401098901098901 0.8173080550800801 0.13598912154689047 0.8228022285456206 0.2788466587271368
1 0.8832417582417582 0.2774725274725275 0.8612637362637363 0.21565934065934067 0.864010989010989 0.12362637362637363 0.9478021978021978 0.12774725274725274 0.9436813186813187 0.2651098901098901
1 0.15247252747252749 0.8379120879120879 0.14423076923076922 0.8076923076923077 0.1510989010989011 0.7692307692307694 0.27884615384615385 0.7678571428571429 0.27197802197802196 0.8021978021978022 0.2815934065934066 0.8337912087912087
1 0.14560439560439561 0.7184065934065934 0.13186813186813187 0.7046703296703298 0.13186813186813187 0.6689560439560439 0.13186813186813187 0.6181318681318682 0.3008241758241758 0.6195054945054945 0.31043956043956045 0.7142857142857143
1 0.37637362637362637 0.7925824175824175 0.43543956043956045 0.7912087912087913 0.4368131868131868 0.7527472527472527 0.45604395604395603 0.75 0.4519230769230769 0.6346153846153846 0.35302197802197804 0.6373626373626373 0.3557692307692308 0.7513736263736264 0.3722527472527473 0.7527472527472527
1 0.5054945054945055 0.7431318681318682 0.4945054945054945 0.6304945054945055 0.603021978021978 0.6263736263736264 0.6071428571428571 0.7472527472527473
1 0.16071428571428573 0.8914835164835165 0.34065934065934067 0.8914835164835165 0.3434065934065934 0.9958791208791209 0.14972527472527472 0.9958791208791209 0.14972527472527472 0.9244505494505495 0.1648351648351648 0.9244505494505495
1 0.6620879120879121 0.6181318681318682 0.6401098901098901 0.6428571428571429 0.646978021978022 0.6565934065934066 0.6510989010989011 0.7335164835164835 0.6552197802197803 0.7774725274725275 0.9217032967032966 0.7554945054945054 0.923076923076923 0.7211538461538461 0.907967032967033 0.7184065934065934 0.907967032967033 0.6456043956043956 0.9148351648351648 0.6332417582417582 0.8846153846153846 0.6071428571428571 0.8763736263736264 0.6181318681318682
1 0.9972527472527473 0.7884615384615384 0.9368131868131868 0.7898351648351648 0.9381868131868132 0.896978021978022 0.9065934065934066 0.9010989010989011 0.9065934065934066 0.9931318681318682 0.9945054945054946 0.9986263736263736
