1 0.0010277492291880781 0.44295991778006166 0.1778006166495375 0.43884892086330934 0.17882836587872558 0.3052415210688592 0.1593011305241521 0.3011305241521069 0.15724563206577596 0.16135662898252826 0.170606372045221 0.1593011305241521 0.1685508735868448 0.0051387461459403904 0.0 0.005138750271997415
1 0.22713257965056527 0.3453237410071942 0.2261048304213772 0.249743062692703 0.39671120246659813 0.24357656731757452 0.4028776978417266 0.34635149023638234
1 0.15210688591983557 0.8437821171634121 0.1408016443987667 0.7903391572456322 0.14902363823227133 0.736896197327852 0.0 0.7389516957862283 0.0010277492291880781 0.8468653648509765
1 0.24049331963001028 0.9588900308324768 0.2302158273381295 0.9023638232271325 0.23638232271325793 0.8335046248715314 0.24357656731757452 0.8098663926002055 0.3114080164439877 0.8067831449126414 0.31449126413155193 0.817060637204522 0.3484069886947585 0.8201438848920862 0.3453237410071942 0.9568345323741008
1 0.3648509763617678 0.947584789311408 0.3648509763617678 0.8304213771839671 0.45323741007194246 0.8314491264131552 0.45426515930113054 0.9527235354573484
1 0.4799588900308325 0.9537512846865365 0.4779033915724563 0.8273381294964028 0.5590955806783144 0.8242548818088387 0.5621788283658787 0.8653648509763617 0.5529290853031861 0.8879753340184995 0.5590955806783144 0.9085303186022611 0.5457348406988695 0.9136690647482014 0.5416238437821171 0.959917780061665
1 0.2589928057553957 0.6618705035971223 0.3545734840698869 0.6618705035971223 0.35765673175745116 0.566289825282631 0.2569373072970195 0.5632065775950668
1 0.4306269270298047 0.6670092497430626 0.4244604316546763 0.5426515930113053 0.5179856115107914 0.5354573484069887 0.5149023638232272 0.6659815005138746
1 0.6187050359712231 0.6320657945179246 0.6176772867420349 0.5200411099691675 0.8047276464542652 0.5169578622816033 0.8057553944389862 0.6300102630510923
1 0.682425488180884 0.47584789311408016 0.8036998972250771 0.47276464542651586 0.8006166495375129 0.35765673175745116 0.6813977389516956 0.3607399794450154
1 0.6772867420349435 0.31346351490236385 0.6762589928057554 0.19938335046248715 0.7985611510791366 0.20246659815005139 0.7995889003083247 0.3175745118191161
1 0.329907502569373 0.13874614594039056 0.32682425488180883 0.10071942446043165 0.2959917780061665 0.09558067831449128 0.3001027749229188 0.040082219938335044 0.2816032887975334 0.040082219938335044 0.2816032887975334 0.0 0.38232271201349816 0.0 0.3843782117163413 0.026721533597631356 0.40184994861253853 0.030832476875642344 0.39568345323741005 0.05960945529290853 0.40493319630010277 0.09044193216855087 0.4059609455292909 0.13771839671120248
1 0.48715313463514903 0.13771839671120248 0.486125385405961 0.08941418293936279 0.473792394655704 0.08941418293936279 0.474820143884892 0.0041109969167523125 0.605344295991778 0.0030832476875642337 0.6032887975334018 0.1366906474820144
1 0.8078108941418294 0.13566289825282632 0.7944501541623843 0.0041109969167523125 0.6772867420349435 0.0020554984583761563 0.6700924974306269 0.131551901336074
1 0.6536485097636177 0.7893114080164438 0.6896197327852004 0.7893114080164438 0.6906474820143884 0.7738951695786228 0.7276464542651593 0.7738951695786228 0.7297019527235356 0.7862281603288799 0.7852004110996915 0.7872559095580678 0.7800616649537513 0.8591983556012334 0.659815005138746 0.8643371017471737 0.6464542651593012 0.8242548818088387
1 0.6557040082219939 0.9886947584789312 0.6474820143884892 0.9434737923946557 0.6680369989722508 0.9044193216855088 0.7841726618705036 0.9054470709146968 0.7687564234326826 0.9455292908530317 0.7872559095580678 0.9928057553956835
