1 0.0013736263736263737 0.32142857142857145 0.10989010989010989 0.32142857142857145 0.11401098901098901 0.20467032967032966 0.004120879120879121 0.20467032967032966
1 0.008241758241758242 0.407967032967033 0.10714285714285714 0.4052197802197802 0.10576923076923077 0.5082417582417582 0.008241758241758242 0.5054945054945055
1 0.008241758241758242 0.5494505494505495 0.11401098901098901 0.5480769230769231 0.12087912087912088 0.6717032967032966 0.006868131868131868 0.6662087912087913
1 0.0027472527472527475 0.7142857142857143 0.11813186813186811 0.7184065934065934 0.11813186813186811 0.798076923076923 0.006868131868131868 0.8021978021978022
1 0.0 0.946428604595935 0.12362637362637363 0.9423076923076923 0.12362637362637363 0.8434065934065934 0.0013736263736263737 0.8434065934065934
1 0.5274725274725275 0.951923076923077 0.5260989010989011 0.8447802197802197 0.6277472527472527 0.8447802197802197 0.6277472527472527 0.9587912087912087
1 0.5206043956043956 0.7747252747252747 0.5123626373626373 0.6717032967032966 0.6565934065934066 0.6717032967032966 0.6565934065934066 0.7664835164835165 0.5343406593406593 0.7692307692307694
1 0.5247252747252747 0.6373626373626373 0.5164835164835165 0.5192307692307693 0.6263736263736264 0.521978021978022 0.6332417582417582 0.6318681318681318
1 0.6689560439560439 0.4739010989010989 0.6689560439560439 0.42994505494505497 0.6510989010989011 0.4326923076923077 0.6414835164835165 0.38324175824175827 0.489010989010989 0.39010989010989017 0.4807692307692308 0.4807692307692308 0.6648351818153517 0.47802197802197804
1 0.48626373626373626 0.21978021978021978 0.554945054945055 0.22252747252747251 0.570054945054945 0.08928571428571429 0.4766483516483517 0.08928571428571429
1 0.6510989010989011 0.019230769230769232 0.6813186699985566 0.0 0.8145604395604396 0.004120879120879121 0.8200549450549449 0.013736263736263736 0.717032967032967 0.09615384615384617
1 0.7513736263736264 0.17994505494505492 0.7884615384615384 0.21978021978021978 0.8255494505494505 0.20054945054945056 0.8447802197802197 0.22252747252747251 0.9313186813186813 0.14285714285714285 0.8695054945054946 0.07142857142857142 0.7788461538461539 0.1346153846153846 0.7912087912087913 0.1565934065934066
1 0.8241758241758241 0.2623626373626374 0.9505494505494505 0.16346153846153846 0.9986263736263736 0.21565934065934067 0.9986263736263736 0.2706043956043956 0.896978021978022 0.3489010989010989
