1 0.13873626373626374 0.6689560439560439 0.2101648351648352 0.6098901098901099 0.11126373626373626 0.5 0.034340659340659344 0.5467032967032966
1 0.20192307692307693 0.9491758241758241 0.20741758241758246 0.9052197802197803 0.19780219780219782 0.8612637362637363 0.2651098901098901 0.8598901098901099 0.2651098901098901 0.8296703296703298 0.3228021978021978 0.826923076923077 0.36813186813186816 0.8186813186813187 0.375 0.8777472527472527 0.38324175824175827 0.9038461538461539 0.38186813186813184 0.9368131868131868 0.364010989010989 0.9478021978021978 0.364010989010989 0.9821428571428571 0.2760989010989011 0.9903846153846154 0.2760989010989011 0.9423076923076923
1 0.4271978021978022 0.8571428571428571 0.47252747252747246 0.8571428571428571 0.47115384615384615 0.7527472527472527 0.41895604395604397 0.75
1 0.5412087912087912 0.8365384615384616 0.5453296703296703 0.9615384615384616 0.6538461538461539 0.9587912087912087 0.6442307692307694 0.8282967032967034
1 0.6662087912087913 0.782967032967033 0.6717032967032966 0.9752747252747253 0.826923076923077 0.9739010989010989 0.8200549450549449 0.7788461538461539
1 0.45054945054945056 0.5494505494505495 0.4532967032967033 0.5041208791208791 0.43543956043956045 0.4642857142857143 0.5370879120879121 0.4601648351648351 0.5508241758241759 0.5 0.532967032967033 0.5494505494505495
1 0.6153846153846154 0.5618131868131868 0.635989010989011 0.5027472527472527 0.6112637362637363 0.44917582417582413 0.6854395604395604 0.45054945054945056 0.728021978021978 0.4423076923076923 0.7554945054945054 0.4972527472527473 0.7527472527472527 0.570054945054945
1 0.8186813186813187 0.5563186813186813 0.8324175824175825 0.5 0.8131868131868132 0.4381868131868132 0.8667582417582418 0.43956043956043955 0.8983516483516483 0.4381868131868132 0.9326923076923077 0.43131868131868134 0.9601648351648352 0.49313186813186816 0.9464285714285714 0.5453296703296703
1 0.18269230769230765 0.22802197802197802 0.17307692307692307 0.11950549450549451 0.0782967032967033 0.12362637362637363 0.09065934065934066 0.23076923076923075 0.16758241758241754 0.22664835164835165
1 0.32417582417582413 0.22252747252747251 0.4546703296703296 0.2184065934065934 0.46565934065934067 0.15384615384615385 0.4423076923076923 0.08379120879120877 0.39010989010989017 0.08791208791208792 0.39697802197802196 0.1510989010989011 0.32554945054945056 0.16071428571428573
1 0.49999999999999983 0.24725276199379784 0.5989011215413481 0.2390109853257264 0.5953723219205282 0.1656068457952842 0.5755494731896997 0.09065933697407802 0.48763738527761186 0.09752746884220988
1 0.6565934065934066 0.21428571428571427 0.6538461538461539 0.15934065934065933 0.6593406593406592 0.11675824175824175 0.6456043956043956 0.08516483516483517 0.7431318681318682 0.0824175824175824 0.7527472527472527 0.11813186813186811 0.7472527472527473 0.16071428571428573 0.7486263906065606 0.2101648646469364 0.7101648351648352 0.20741758241758246
1 0.22115384615384615 0.47115384615384615 0.3269230769230769 0.4642857142857143 0.3282967032967033 0.603021978021978 0.22802197802197802 0.603021978021978
1 0.7925824175824175 0.20604395604395603 0.8983516483516483 0.1936813186813187 0.9024725274725275 0.1717032967032967 0.9478021978021978 0.15796703296703296 0.940934065934066 0.07280219780219781 0.782967032967033 0.07554945054945054 0.7994505494505495 0.11538461538461538
