1 0.4615384615384615 0.978021978021978 0.47527472527472525 0.9862637362637363 0.8145604395604396 0.9917582417582418 0.967032967032967 0.8612637362637363 0.8296703296703298 0.6923076923076923
1 0.3282967032967033 0.9862637362637363 0.3228021978021978 0.9010989010989011 0.19917582417582416 0.9065934065934066 0.2032967032967033 0.9876373626373627
1 0.35302197802197804 0.7129120879120879 0.35302197802197804 0.6648351648351648 0.3076923076923077 0.6648351648351648 0.30631868131868134 0.6167582417582418 0.17307692307692307 0.6167582417582418 0.17719780219780218 0.7321428571428571
1 0.17857142857142858 0.5837912087912088 0.30357142857142855 0.5837912087912088 0.30357142857142855 0.5645604395604396 0.3516483516483517 0.5631868131868132 0.3489010989010989 0.5082417582417582 0.3076923076923077 0.510989010989011 0.30631868131868134 0.4739010989010989 0.18269230769230765 0.47802197802197804
1 0.17582417582417584 0.4532967032967033 0.2815934065934066 0.4519230769230769 0.2733516483516483 0.29532967032967034 0.17857142857142858 0.30357142857142855
1 0.3131868131868132 0.342032967032967 0.39010989010989017 0.42445054945054944 0.4807692307692308 0.3516483516483517 0.4065934065934066 0.2664835164835165
1 0.47802197802197804 0.5604395604395604 0.5425824175824175 0.6387362637362637 0.6620879120879121 0.5425824175824175 0.6016483516483516 0.47802197802197804 0.4835164835164835 0.5467032967032966
1 0.19093406593406592 0.2774725274725275 0.20054945054945056 0.18543956043956045 0.29532967032967034 0.14697802197802198 0.35302197802197804 0.21703296703296704 0.2664835164835165 0.28708791208791207
1 0.14285714285714285 0.20192307692307693 0.10576923076923077 0.10027472527472528 0.27197802197802196 0.027472527472527472 0.30357142857142855 0.13186813186813187
1 0.8035714285714286 0.1043956043956044 0.875 0.16208791208791207 0.9986263736263736 0.0521978021978022 0.9381868131868132 0.004120879120879121 0.9052197802197803 0.03021978021978022
1 0.8681318681318682 0.19642857142857142 0.9532967032967034 0.29532967032967034 1.0 0.25 1.0 0.09203296703296704
1 0.9532967032967034 0.4217032967032967 0.9972527472527473 0.4807692307692308 0.9986263736263736 0.38186813186813184
