1 0.27197802197802196 0.6868131868131868 0.31868131868131866 0.6552197802197803 0.3021978021978022 0.6263736263736264 0.3434065934065934 0.5961538461538461 0.25686813186813184 0.4876373626373626 0.14835164835164835 0.5755494505494505
1 0.027472527472527472 0.7623626373626373 0.125 0.7293956043956044 0.11813186813186811 0.6675824175824175 0.08653846153846154 0.625 0.0027472527472527475 0.6593406593406592 0.02197802197802198 0.7101648351648352
1 0.5315934065934066 0.989010989010989 0.5027472527472527 0.9175824175824175 0.6002747252747253 0.8804945054945054 0.6387362637362637 0.9821428571428571
1 0.7225274725274725 0.9697802197802197 0.8241758241758241 0.934065934065934 0.7651098901098901 0.8118131868131868 0.6703296703296702 0.8502747252747253
1 0.9381868131868132 0.8392857142857143 0.9189560439560439 0.8021978021978022 0.8777472527472527 0.7664835164835165 0.9862637362637363 0.6826923076923077 0.9972527472527473 0.7032967032967034 0.9945054945054946 0.7472527472527473 0.9972527472527473 0.8076923076923077
1 0.6826923076923077 0.5425824175824175 0.7884615384615384 0.45604395604395603 0.760989010989011 0.4107142857142857 0.7239010989010989 0.385989010989011 0.6167582417582418 0.45604395604395603 0.6524725274725275 0.49313186813186816
1 0.41620879120879123 0.5947802197802198 0.4903846153846153 0.5302197802197802 0.42582417582417587 0.44368131868131866 0.3351648351648351 0.5041208791208791
1 0.6222527472527473 0.39285714285714285 0.717032967032967 0.3090659340659341 0.6428571428571429 0.2184065934065934 0.532967032967033 0.2925824175824176
1 0.4739010989010989 0.27197802197802196 0.5865384615384616 0.19230769230769235 0.510989010989011 0.11813186813186811 0.4065934065934066 0.19917582417582416
1 0.3434065934065934 0.1662087912087912 0.49862637362637363 0.07142857142857142 0.4423076923076923 0.027472527472527472 0.28296703296703296 0.09340659340659341 0.2980769230769231 0.11950549450549451 0.32142857142857145 0.13736263736263737
