0 0.4659217877094972 0.8998137802607077 0.4692737430167597 0.9891992551210429 0.3340782122905028 0.9891992551210429 0.33072625698324015 0.8968342644320298
0 0.46815642458100565 0.8253258845437617 0.3418994413407821 0.837243947858473 0.33854748603351953 0.7716945996275605 0.4659217877094972 0.7687150837988826
0 0.4770949720670391 0.7121042830540038 0.34413407821229053 0.7210428305400373 0.3407821229050279 0.6405959031657357 0.47150837988826816 0.6197392923649907
0 0.3452513966480447 0.5541899441340782 0.3430167597765363 0.46778398510242086 0.4994413407821229 0.44692737430167595 0.5039106145251396 0.5363128491620112
0 0.33072625698324015 0.37839851024208565 0.3296089385474861 0.2860335195530726 0.5396648044692738 0.2681564245810056 0.5407821229050279 0.36350093109869647
0 0.3318435754189944 0.11322160148975792 0.3329608938547486 0.19366852886405958 0.4871508379888268 0.18472998137802604 0.4849162011173184 0.08342644320297951
0 0.5318435754189944 0.0 0.5318435754189944 0.04469273743016759 0.7899441340782123 0.041713221601489756 0.7921787709497207 0.005959031657355679
0 0.535195530726257 0.16089385474860335 0.7921787709497207 0.148975791433892 0.7910614525139665 0.09236499068901302 0.535195530726257 0.10130353817504656
0 0.6201117318435754 0.2770949720670391 0.794413407821229 0.2621973929236499 0.7899441340782123 0.1966480446927374 0.6201117318435754 0.2085661080074488
0 0.6212290502793296 0.38733705772811916 0.7910614525139665 0.38137802607076343 0.7899441340782123 0.32476722532588453 0.6212290502793296 0.3217877094972067
0 0.576536312849162 0.49757914338919923 0.7955307262569833 0.49459962756052145 0.7966480446927374 0.42905027932960893 0.582122905027933 0.43798882681564244
0 0.5452513966480447 0.6197392923649907 0.6268156424581005 0.613780260707635 0.6245810055865921 0.5541899441340782 0.5463687150837989 0.5631284916201117
0 0.6636871508379888 0.6197392923649907 0.840223463687151 0.6197392923649907 0.846927374301676 0.5482309124767225 0.6703910614525139 0.5482309124767225
0 0.48938547486033523 0.7329608938547486 0.794413407821229 0.7270018621973929 0.8022346368715084 0.6614525139664803 0.5016759776536313 0.6614525139664803
0 0.5329608938547487 0.8461824953445065 0.8324022346368715 0.840223463687151 0.8391061452513966 0.7776536312849162 0.5418994413407822 0.780633147113594
0 0.5787709497206703 0.9594040968342644 0.8391061452513966 0.9564245810055866 0.8458100558659218 0.8938547486033519 0.5776536312849162 0.8968342644320298
1 0.3217877094972067 0.9981378026070763 0.8748603351955307 0.9981378026070763 0.8748603351955307 0.49459962756052145 0.8324022346368715 0.4856610800744879 0.8312849162011173 0.0029795158286778393 0.31508379888268156 0.005959031657355679
