1 0.18962075848303392 0.9201596806387226 0.19760479041916168 0.9940119760479041 0.6487025948103793 0.9940119760479041 0.6227544910179641 0.9101796407185628 0.5768463073852296 0.9221556886227547 0.5528942115768463 0.8243512974051896
0 0.3093812375249501 0.6107784431137725 0.3972055888223553 0.5968063872255489 0.3892215568862276 0.5429141716566867 0.3013972055888224 0.5548902195608783
0 0.41317365269461076 0.5429141716566867 0.41317365269461076 0.5888223552894212 0.5069860279441117 0.5728542914171657 0.5029940119760479 0.5229540918163673
0 0.5249500998003992 0.5748502994011976 0.6147704590818364 0.5588822355289421 0.6067864271457086 0.5069860279441117 0.5209580838323353 0.5209580838323353
0 0.39520958083832336 0.5209580838323353 0.3892215568862276 0.471057884231537 0.3013972055888224 0.48502994011976047 0.30538922155688625 0.5349301397205589
0 0.40119760479041916 0.471057884231537 0.405189620758483 0.5229540918163673 0.500998003992016 0.5029940119760479 0.499001996007984 0.45109780439121755
0 0.5149700598802395 0.4550898203592814 0.5169660678642715 0.5069860279441117 0.6067864271457086 0.48902195608782434 0.5968063872255489 0.4351297405189621
0 0.6626746506986028 0.4291417165668663 0.6646706586826348 0.48103792415169655 0.7564870259481037 0.471057884231537 0.7564870259481037 0.4151696606786427
0 0.9121756487025948 0.3872255489021956 0.8223552894211577 0.4031936127744511 0.8283433133732535 0.4570858283433134 0.9241516966067864 0.4351297405189621
0 0.9181636726546906 0.4630738522954092 0.8303393213572854 0.47704590818363274 0.8363273453093812 0.530938123752495 0.9261477045908184 0.5169660678642715
0 0.9640718562874252 0.38522954091816364 0.9680638722554891 0.4351297405189621 0.998003992015968 0.42714570858283435 0.996007984031936 0.37924151696606784
0 0.9680638722554891 0.4590818363273453 0.9720558882235529 0.5089820359281437 1.0 0.5049900199600799 0.998003992015968 0.44710578842315374
1 0.26147704590818366 0.654690618762475 0.1756487025948104 0.6646706586826348 0.10179640718562874 0.3013972055888224 0.19760479041916168 0.2834331337325349 0.18363273453093812 0.2455089820359281 0.3093812375249501 0.2115768463073852 0.3193612774451098 0.23952095808383234 0.4291417165668663 0.2315369261477046 0.4171656686626746 0.20359281437125748 0.5568862275449101 0.18163672654690619 0.5688622754491018 0.22954091816367264 0.7504990019960079 0.19760479041916168 0.7365269461077844 0.1536926147704591 0.8722554890219559 0.13373253493013973 0.8842315369261478 0.16766467065868262 0.996007984031936 0.1497005988023952 0.998003992015968 0.5968063872255489 0.8842315369261478 0.6127744510978044 0.8602794411177644 0.5748502994011976 0.810379241516966 0.564870259481038 0.6427145708582834 0.5988023952095808 0.5848303393213573 0.6187624750499002 0.5868263473053892 0.6646706586826348 0.3253493013972056 0.7045908183632734 0.313373253493014 0.6506986027944112
