0 0.1656686626746507 0.48502994011976047 0.16367265469061876 0.4311377245508982 0.0718562874251497 0.44311377245508976 0.07385229540918163 0.4910179640718562
0 0.16966067864271456 0.40918163672654695 0.16367265469061876 0.35528942115768464 0.07385229540918163 0.37125748502994005 0.07584830339321358 0.4191616766467065
0 0.05389221556886228 0.4231536926147704 0.05389221556886228 0.3652694610778443 0.001996007984031936 0.37125748502994005 0.0 0.4291417165668663
0 0.059880239520958084 0.49500998003992014 0.05788423153692615 0.44510978043912175 0.001996007984031936 0.45109780439121755 -0.001996007984031936 0.5069860279441117
0 0.3912175648702595 0.44510978043912175 0.48103792415169655 0.4311377245508982 0.47704590818363274 0.37924151696606784 0.38522954091816364 0.3932135728542914
0 0.499001996007984 0.4331337325349301 0.5888223552894212 0.4151696606786427 0.5868263473053892 0.3592814371257485 0.49700598802395207 0.37125748502994005
0 0.6127744510978044 0.4151696606786427 0.7005988023952096 0.40718562874251496 0.6926147704590818 0.3393213572854291 0.6027944111776448 0.35728542914171657
0 0.6027944111776448 0.3393213572854291 0.6906187624750499 0.3213572854291417 0.6846307385229541 0.2774451097804391 0.5968063872255489 0.28542914171656686
0 0.4910179640718562 0.35528942115768464 0.5788423153692615 0.33732534930139724 0.5688622754491018 0.2834331337325349 0.48902195608782434 0.3033932135728543
0 0.3872255489021956 0.37125748502994005 0.471057884231537 0.35728542914171657 0.469061876247505 0.30538922155688625 0.3812375249500998 0.3153692614770459
1 0.13572854291417166 0.5728542914171657 0.001996007984031936 0.6047904191616766 0.001996007984031936 0.10778443113772455 0.11776447105788425 0.09181636726546906 0.12574850299401197 0.14570858283433133 0.30538922155688625 0.11177644710578843 0.29740518962075846 0.06786427145708583 0.4331337325349301 0.0439121756487026 0.44311377245508976 0.08183632734530938 0.5409181636726547 0.06387225548902195 0.5289421157684631 0.033932135728542916 0.6726546906187625 0.015968063872255488 0.6826347305389223 0.059880239520958084 0.780439121756487 0.05189620758483034 0.8602794411177644 0.03592814371257485 0.9241516966067864 0.3812375249500998 0.844311377245509 0.40918163672654695 0.7504990019960079 0.4331337325349301 0.6986027944111777 0.45109780439121755 0.6926147704590818 0.49500998003992014 0.4411177644710579 0.5329341317365269 0.4291417165668663 0.4910179640718562 0.3772455089820359 0.48502994011976047 0.18762475049900199 0.5149700598802395 0.18762475049900199 0.530938123752495 0.13373253493013973 0.5349301397205589
1 0.7145708582834331 0.7504990019960079 0.9121756487025948 0.9181636726546906 0.8602794411177644 0.9740518962075848 0.8822355289421158 0.996007984031936 0.998003992015968 0.9940119760479041 0.998003992015968 0.6666666666666665 0.8762475049900199 0.5728542914171657
