0 0.2115768463073852 0.9201596806387226 0.2934131736526946 0.9001996007984032 0.3013972055888224 0.9441117764471058 0.21756487025948104 0.9620758483033931
0 0.13572854291417166 0.7544910179640718 0.2554890219560878 0.7245508982035929 0.2634730538922156 0.7704590818363273 0.1437125748502994 0.8023952095808383
0 0.07385229540918163 0.6886227544910181 0.2355289421157685 0.6467065868263472 0.24750499001996007 0.6986027944111777 0.08183632734530938 0.7345309381237525
0 0.7365269461077844 0.6347305389221557 0.8542914171656687 0.6027944111776448 0.8642714570858283 0.6447105788423154 0.7445109780439122 0.6846307385229541
0 0.810379241516966 0.722554890219561 0.7984031936127746 0.6906187624750499 0.9640718562874252 0.6526946107784432 0.9720558882235529 0.6986027944111777 0.776447105788423 0.7564870259481037 0.7664670658682635 0.7325349301397206
0 0.8642714570858283 0.8802395209580838 0.996007984031936 0.844311377245509 0.996007984031936 0.8922155688622755 0.874251497005988 0.9201596806387226
0 0.8862275449101795 0.9620758483033931 0.996007984031936 0.9281437125748504 0.998003992015968 0.9700598802395209 0.9001996007984032 0.998003992015968
1 0.2455089820359281 0.564870259481038 0.3512974051896208 0.9940119760479041 0.04990019960079841 0.9920159680638723 0.0 0.7145708582834331 0.0 0.6327345309381237
1 0.32934131736526945 0.6427145708582834 0.4031936127744511 0.9940119760479041 0.6586826347305389 0.996007984031936 0.6926147704590818 0.9880239520958084 0.6586826347305389 0.8343313373253493 0.6766467065868264 0.8043912175648703 0.6646706586826348 0.7544910179640718 0.6447105788423154 0.7425149700598801 0.592814371257485 0.5708582834331337
1 0.26147704590818366 0.18962075848303392 0.2155688622754491 0.001996007984031936 0.005988023952095809 0.0 0.001996007984031936 0.2694610778443114
1 0.942115768463074 0.5449101796407185 0.716566866267465 0.6107784431137725 0.8023952095808383 0.9840319361277445 0.8083832335329342 0.9940119760479041 0.998003992015968 0.998003992015968 0.998003992015968 0.7245508982035929
1 0.6327345309381237 0.2634730538922156 0.564870259481038 0.0 0.27345309381237526 0.001996007984031936 0.35728542914171657 0.3473053892215569
1 0.7025948103792417 0.2754491017964072 0.6127744510978044 0.003992015968063872 0.9081836327345311 0.003992015968063872 0.9540918163672655 0.20359281437125748
