1 0.10027472527472528 0.8653846153846154 0.07692307692307693 0.5961538461538461 0.3626373626373626 0.5810439560439561 0.38324175824175827 0.842032967032967
1 0.19505494505494508 0.5412087912087912 0.18818681318681318 0.41895604395604397 0.43131868131868134 0.4148351648351649 0.43956043956043955 0.5412087912087912 0.2087912087912088 0.5439560439560439
1 0.19093406593406592 0.3626373626373626 0.1936813186813187 0.23214285714285715 0.40247252747252754 0.23901098901098902 0.39972527472527475 0.3695054945054945
1 0.48626373626373626 0.2554945054945055 0.47802197802197804 0.17719780219780218 0.5631868131868132 0.17445054945054944 0.5645604395604396 0.2651098901098901
1 0.6978021978021978 0.2967032967032967 0.6854395604395604 0.17307692307692307 0.9601648351648352 0.1648351648351648 0.9697802197802197 0.2774725274725275 0.7115384615384616 0.28983516483516486
1 0.6854395604395604 0.3777472527472527 0.6881868131868132 0.5590659340659341 0.9945054945054946 0.5480769230769231 0.9903846153846154 0.35439560439560436
1 0.21703296703296704 0.9958791208791209 0.21153846153846154 0.9189560439560439 0.39697802197802196 0.9107142857142857 0.40384615384615385 0.9986263736263736
1 0.4532967032967033 0.9917582417582418 0.45054945054945056 0.8997252747252747 0.5357142857142857 0.8928571428571429 0.5439560439560439 0.9931318681318682
1 0.5934065934065934 0.9972527472527473 0.5851648351648352 0.8956043956043956 0.6826923076923077 0.8914835164835165 0.701923076923077 0.9958791208791209
1 0.7431318681318682 0.9972527472527473 0.739010989010989 0.885989010989011 0.8214285714285714 0.8818681318681318 0.8324175824175825 0.9958791208791209
1 0.8736263736263736 0.9958791208791209 0.8667582417582418 0.9436813186813187 0.9972527472527473 0.940934065934066 0.9986263736263736 0.9917582417582418
