1 0.07280219780219781 0.5782967032967034 0.49175824175824173 0.24313186813186813 0.3626373626373626 0.09203296703296704 0.0027472527472527475 0.37362637362637363 0.005494505494505495 0.4945054945054945
1 0.004120879120879121 0.24862637362637366 0.0 0.09065934065934066 0.10851648351648352 0.0027472527472527475 0.3159340659340659 0.0013736263736263737
1 0.20192307692307693 0.5631868131868132 0.260989010989011 0.6387362637362637 0.3722527472527473 0.5590659340659341 0.30631868131868134 0.4739010989010989
1 0.30631868131868134 0.690934065934066 0.3722527472527473 0.7678571428571429 0.4835164835164835 0.6854395604395604 0.4148351648351649 0.6085164835164835
1 0.4381868131868132 0.9299450549450551 0.3942307692307692 0.8736263736263736 0.4175824175824176 0.8585164835164835 0.3914835164835165 0.8186813186813187 0.4532967032967033 0.771978021978022 0.4642857142857143 0.7857142857142857 0.5 0.7596153846153846 0.554945054945055 0.8173076923076923
1 0.6126373626373627 0.7788461538461539 0.6524725274725275 0.8241758241758241 0.7513736263736264 0.7623626373626373 0.7211538461538461 0.7362637362637363 0.7046703296703298 0.7541208791208791 0.6675824175824175 0.717032967032967
1 0.48214285714285715 0.9945054945054946 0.6002747252747253 0.9093406593406592 0.6675824175824175 0.9793956043956044 0.6401098901098901 0.9958791208791209
1 0.7225274725274725 0.9065934065934066 0.809065934065934 0.9972527472527473 0.8942307692307694 0.9395604395604396 0.8076923076923077 0.8337912087912087
1 0.9986263736263736 0.8379120879120879 0.9601648351648352 0.7925824175824175 0.9752747252747253 0.7774725274725275 0.9368131868131868 0.7362637362637363 0.9052197802197803 0.7678571428571429 0.8763736263736264 0.7431318681318682 0.8324175824175825 0.7692307692307694 0.9404011867683573 0.8955206480040228
1 0.8021978021978022 0.004120879120879121 0.8667582417582418 0.08516483516483517 0.967032967032967 0.0027472527472527475
