1 0.38873626373626374 0.9793956043956044 0.5810439560439561 0.978021978021978 0.5796703296703297 0.8681318681318682 0.39285714285714285 0.8736263736263736
1 0.3873626373626374 0.853021978021978 0.385989010989011 0.8200549450549449 0.41895604395604397 0.809065934065934 0.4203296703296704 0.7747252747252747 0.6057692307692307 0.7733516483516483 0.6112637362637363 0.8475274725274725 0.40384615384615385 0.8571428571428571
1 0.41895604395604397 0.6950549450549449 0.5453296703296703 0.7005494505494505 0.5453296703296703 0.6785714285714286 0.6002747252747253 0.6785714285714286 0.5975274725274725 0.6181318681318682 0.4175824175824176 0.6181318681318682
1 0.385989010989011 0.4945054945054945 0.3791208791208791 0.39697802197802196 0.6057692307692307 0.3942307692307692 0.6112637362637363 0.47527472527472525 0.5535714285714286 0.47939560439560436 0.5535714285714286 0.4958791208791209
1 0.3557692307692308 0.32005494505494503 0.4835164835164835 0.31456043956043955 0.467032967032967 0.1936813186813187 0.46565934065934067 0.1401098901098901 0.34752747252747246 0.14148351648351648
1 0.5260989010989011 0.3228021978021978 0.6263736263736264 0.32142857142857145 0.6236263736263736 0.1401098901098901 0.5192307692307693 0.13736263736263737
1 0.7046703296703298 0.28846153846153844 0.8063186813186813 0.28983516483516486 0.8063186813186813 0.13186813186813187 0.6936813186813187 0.1304945054945055 0.6923076923076923 0.20467032967032966
1 0.7197802197802197 0.42582417582417587 0.8021978021978022 0.4217032967032967 0.7994505494505495 0.5673076923076923 0.7252747252747253 0.570054945054945
1 0.8214285714285714 0.24862637362637366 0.8104395604395604 0.0673076923076923 1.0 0.07142857142857142 0.9945054945054946 0.3296703296703296 0.9189560439560439 0.3282967032967033 0.8351648351648352 0.3131868131868132 0.8310439560439561 0.2664835164835165
1 0.9986263736263736 0.8214285714285714 0.9436813186813187 0.8200549450549449 0.9450549450549449 0.8708791208791209 0.9560439560439561 0.8736263736263736 0.9560439560439561 0.9931318681318682 0.9958791208791209 0.9986263736263736
