1 0.0782967032967033 0.7967032967032966 0.17307692307692307 0.7307692307692306 0.05357142857142857 0.5769230769230769 0.0013736263736263737 0.6153846153846154 0.006868131868131868 0.7101648351648352
1 0.08516483516483517 0.5439560439560439 0.19093406593406592 0.6785714285714286 0.28434065934065933 0.6071428571428571 0.16895604395604397 0.47115384615384615
1 0.20467032967032966 0.4546703296703296 0.2802197802197802 0.5343406593406593 0.3131868131868132 0.5027472527472527 0.2692307692307692 0.4574175824175824 0.2857142857142857 0.4368131868131868 0.24862637362637366 0.40247252747252754
1 0.32554945054945056 0.41895604395604397 0.4271978021978022 0.5370879120879121 0.5247252747252747 0.4478021978021978 0.4134615384615385 0.342032967032967
1 0.27472527472527475 0.39972527472527475 0.3846153846153847 0.2925824175824176 0.31868131868131866 0.21703296703296704 0.20192307692307693 0.3131868131868132
1 0.08928571428571429 0.21153846153846154 0.16758241758241754 0.28434065934065933 0.28846153846153844 0.17032967032967034 0.2184065934065934 0.09065934065934066
1 0.0013736263736263737 0.1401098901098901 0.013736263736263736 0.16071428571428573 0.17445054945054944 0.04532967032967033 0.14148351648351648 0.004120879120879121 0.0673076923076923 0.006868131868131868 0.005494505494505495 0.05631868131868132
1 0.5755494505494505 0.9615384615384616 0.6098901098901099 0.9931318681318682 0.728021978021978 0.9931318681318682 0.6607142857142857 0.9024725274725275
1 0.7032967032967034 0.8681318681318682 0.8214285714285714 0.9917582417582418 0.9244505494505495 0.9162087912087913 0.7994505494505495 0.7953296703296702
1 1.0 0.6181318681318682 0.951923076923077 0.6181318681318682 0.9546703296703298 0.7156593406593408 0.9986263736263736 0.7623626373626373
