1 0.08516483516483517 0.7115384615384616 0.1401098901098901 0.7623626373626373 0.15384615384615385 0.8035714285714286 0.3090659340659341 0.673076923076923 0.23901098901098902 0.5851648351648352
1 0.09615384615384617 0.48214285714285715 0.2101648351648352 0.39010989010989017 0.13186813186813187 0.28983516483516486 0.0206043956043956 0.38324175824175827
1 0.15796703296703296 0.24313186813186813 0.2348901098901099 0.3351648351648351 0.3159340659340659 0.2623626373626374 0.25 0.18543956043956045
1 0.2774725274725275 0.14697802197802198 0.36675824175824173 0.2664835164835165 0.4217032967032967 0.23076923076923075 0.4134615384615385 0.21703296703296704 0.4532967032967033 0.18681318681318682 0.364010989010989 0.0824175824175824
1 0.4601648351648351 0.7678571428571429 0.36126373626373626 0.6538461538461539 0.45879120879120877 0.5769230769230769 0.5686813186813187 0.7060439560439561
1 0.19780219780219782 0.8186813186813187 0.27472527472527475 0.9120879120879121 0.36675824175824173 0.8406593406593408 0.29395604395604397 0.7568681318681318
1 0.4972527472527473 0.5810439560439561 0.592032967032967 0.7032967032967034 0.6771978021978022 0.6263736263736264 0.5892857142857143 0.5054945054945055
1 0.43131868131868134 0.06456043956043957 0.5206043956043956 0.005494505494505495 0.5934065934065934 0.09615384615384617 0.5892857142857143 0.10576923076923077 0.6098901098901099 0.13324175824175824 0.5755494505494505 0.17307692307692307 0.5494505494505495 0.14835164835164835 0.510989010989011 0.1648351648351648
1 0.6771978021978022 0.5260989010989011 0.635989010989011 0.4903846153846153 0.6799450549450551 0.467032967032967 0.6483516483516483 0.4230769230769231 0.696428545958291 0.39560435506650643 0.7239010989010989 0.4203296703296704 0.7541208791208791 0.40384615384615385 0.8049450549450551 0.47527472527472525 0.6991758241758241 0.5618131868131868
1 0.8241758241758241 0.4574175824175824 0.7513736263736264 0.3653846153846153 0.853021978021978 0.29532967032967034 0.9217032967032966 0.39010989010989017
1 0.934065934065934 0.36813186813186816 0.8571428571428571 0.28434065934065933 0.9436813186813187 0.22527472527472528 0.9958791208791209 0.2733516483516483 0.9958791208791209 0.3076923076923077
1 0.815934065934066 0.9148351648351648 0.7335164835164835 0.809065934065934 0.8104395604395604 0.7527472527472527 0.8928571428571429 0.8585164835164835
1 0.8914835164835165 0.7046703296703298 0.9326923076923077 0.7678571428571429 0.9945054945054946 0.7335164835164835 0.9972527472527473 0.6414835164835165 0.9821428571428571 0.625 0.9024725274725275 0.6950549450549449
1 0.7005494505494505 0.8626373626373627 0.7664835164835165 0.9271978021978022 0.6758241758241759 0.9917582417582418 0.6456043956043956 0.9917582417582418 0.5975274725274725 0.9450549450549449
