0 0.43543956043956045 0.4409340659340659 0.5137362637362637 0.4381868131868132 0.5151098901098901 0.45604395604395603 0.4409340659340659 0.45604395604395603
0 0.43543956043956045 0.39560439560439564 0.43543956043956045 0.4148351648351649 0.5137362637362637 0.41620879120879123 0.5137362637362637 0.39697802197802196
0 0.43543956043956045 0.3722527472527473 0.5137362637362637 0.3722527472527473 0.5137362637362637 0.3516483516483517 0.4340659340659341 0.35027472527472525
0 0.4340659340659341 0.3324175824175824 0.4340659340659341 0.3131868131868132 0.5096153846153846 0.31043956043956045 0.5096153846153846 0.3324175824175824
0 0.5370879120879121 0.45879120879120877 0.5370879120879121 0.4381868131868132 0.6167582417582418 0.43543956043956045 0.6181318681318682 0.4615384615384615
0 0.5370879120879121 0.41208791208791207 0.5357142857142857 0.39560439560439564 0.6126373626373627 0.39697802197802196 0.6126373626373627 0.41620879120879123
0 0.532967032967033 0.375 0.6126373626373627 0.3695054945054945 0.6112637362637363 0.35302197802197804 0.5370879120879121 0.35302197802197804
0 0.5343406593406593 0.33379120879120877 0.5343406593406593 0.31043956043956045 0.6126373626373627 0.3090659340659341 0.6126373626373627 0.33104395604395603
0 0.6675824175824175 0.4835164835164835 0.6703296703296702 0.570054945054945 0.6868131868131868 0.570054945054945 0.684065934065934 0.47527472527472525
0 0.6703296703296702 0.592032967032967 0.6717032967032966 0.6826923076923077 0.6895604395604396 0.6854395604395604 0.690934065934066 0.5961538461538461
0 0.7142857142857143 0.5879120879120879 0.7266483516483517 0.5879120879120879 0.7266483516483517 0.6826923076923077 0.7197802197802197 0.6826923076923077
0 0.7142857142857143 0.5714285714285714 0.7266483516483517 0.5714285714285714 0.7266483516483517 0.48214285714285715 0.7101648351648352 0.48214285714285715
0 0.7568681318681318 0.5714285714285714 0.7747252747252747 0.5714285714285714 0.771978021978022 0.4766483516483517 0.7582417582417582 0.4766483516483517
0 0.7994505494505495 0.570054945054945 0.8145604395604396 0.5686813186813187 0.8104395604395604 0.4766483516483517 0.7939560439560439 0.4766483516483517
0 0.7527472527472527 0.592032967032967 0.771978021978022 0.5892857142857143 0.7733516483516483 0.6854395604395604 0.760989010989011 0.6854395604395604
0 0.798076923076923 0.5879120879120879 0.8173076923076923 0.5879120879120879 0.815934065934066 0.6799450549450551 0.7967032967032966 0.6799450549450551
1 0.4107142857142857 0.4807692307692308 0.4065934065934066 0.29395604395604397 0.8200549450549449 0.28296703296703296 0.8228021978021978 0.2651098901098901 0.9945054945054946 0.2623626373626374 0.9945054945054946 0.45604395604395603 0.8324175824175825 0.4615384615384615 0.8379120879120879 0.701923076923077 0.7939560439560439 0.7156593406593408 0.7925824175824175 0.75 0.9120879120879121 0.7596153846153846 0.9148351648351648 0.8585164835164835 0.9697802197802197 0.8791208791208791 0.978021978021978 0.8804945054945054 0.9958791208791209 0.9065934065934066 0.9958791208791209 0.9862637362637363 0.39560439560439564 0.9862637362637363 0.4010989010989011 0.8653846153846154 0.4697802197802198 0.864010989010989 0.467032967032967 0.7527472527472527 0.6456043956043956 0.7513736263736264 0.673076923076923 0.7513736263736264 0.6717032967032966 0.7252747252747253 0.6318681318681318 0.7197802197802197 0.635989010989011 0.4876373626373626
