1 0.8214285714285714 0.8324175824175825 0.8214285714285714 0.7046703296703298 0.9326923076923077 0.7005494505494505 0.9395604395604396 0.8406593406593408
1 0.7939560439560439 0.842032967032967 0.7733516483516483 0.684065934065934 0.5686813186813187 0.6854395604395604 0.5631868131868132 0.8434065934065934
1 0.5645604395604396 0.5975274725274725 0.5576923076923077 0.4766483516483517 0.7335164835164835 0.47115384615384615 0.7362637362637363 0.5906593406593407
1 0.5233516483516484 0.44642857142857145 0.6936813186813187 0.44505494505494503 0.6895604395604396 0.2967032967032967 0.5274725274725275 0.29395604395604397
1 0.5315934065934066 0.2802197802197802 0.5288461538461539 0.1565934065934066 0.6950549450549449 0.15796703296703296 0.6936813186813187 0.2857142857142857
1 0.6373626373626373 0.10714285714285714 0.6401098901098901 0.03159340659340659 0.4903846153846153 0.03021978021978022 0.48626373626373626 0.10989010989010989
1 0.0 0.26373626373626374 0.0027472527472527475 0.1662087912087912 0.12912087912087913 0.1662087912087912 0.13598901098901098 0.26785714285714285 0.01510989010989011 0.25961538461538464
1 0.008241758241758242 0.31456043956043955 0.15384615384615385 0.32005494505494503 0.15384615384615385 0.3722527472527473 0.125 0.3722527472527473 0.125 0.41620879120879123 0.0 0.41620879120879123
1 0.012362637362637364 0.489010989010989 0.013736263736263736 0.5947802197802198 0.1510989010989011 0.5920329965150682 0.14148351648351648 0.47939560439560436
1 0.054945054945054944 0.7252747252747253 0.15247252747252749 0.7266483516483517 0.15384615384615385 0.8461538461538461 0.06043956043956044 0.842032967032967
