1 0.40247252747252754 0.39972527472527475 0.38186813186813184 0.03296703296703297 0.7087912087912087 0.016483516483516484 0.7266483516483517 0.3942307692307692
1 0.06456038012978516 0.8159355031864992 5.551115123125783e-19 0.8145618804981354 0.004120879120879089 0.9326937670563167 0.06593400084334931 0.9313201369974279
1 0.2857142857142857 0.2802197802197802 0.19230769230769235 0.2774725274725275 0.19642857142857142 0.38873626373626374 0.28983516483516486 0.38873626373626374
1 0.4684069698007376 0.8310454338342785 0.3777476348014593 0.8324190712636929 0.38049488471868087 0.99862800988299 0.4739014781252742 1.0
1 0.06456038012978516 0.2788461501608912 0.0 0.2843406777669726 0.004120879120879089 0.39560441403070884 0.06593400084334931 0.3942307839718198
1 0.06456038012978516 0.2788461501608912 0.0 0.2843406777669726 0.004120879120879089 0.39560441403070884 0.06593400084334931 0.3942307839718198
1 0.06456038012978516 0.6057701041764787 4.440892098500626e-18 0.6112646317825601 0.004120879120879093 0.7225283680462963 0.06593400084334931 0.7211547379874074
1 0.1717030618107105 0.2857143004553363 0.07829646840411714 0.28296704770808356 0.08241734752499623 0.3942307839718198 0.17582394093158968 0.3942307839718198
1 0.17032943260705294 0.6071437342353677 0.07692283920045961 0.604396481488115 0.08104371832133872 0.7156602177518512 0.17445031172793216 0.7156602177518512
1 0.18681298305094338 0.810440982950943 0.09615364805166507 0.8118146203803573 0.09890089796888665 0.9395619173507619 0.19230749137548006 0.9395619173507619
1 0.2980769485472035 0.8365399540698345 0.20741761354792523 0.8379135914992488 0.21016486346514682 0.9656608884696535 0.3035714568717402 0.9656608884696535
1 0.2939560609362309 0.6085173642942567 0.2032967259369526 0.6098910017236711 0.2060439758541742 0.7376382986940757 0.2994505692607676 0.7376382986940757
1 0.5494510928165319 0.446429017345352 0.4587917578172537 0.44780265477476633 0.46153900773447526 0.575549951745171 0.5549456011410686 0.575549951745171
1 0.5563186813186813 0.4519230769230769 0.5631868131868132 0.570054945054945 0.7554945054945054 0.5563186813186813 0.7582417582417582 0.4409340659340659
1 0.6126373626373627 0.7760989010989011 0.6098901098901099 0.6126373626373627 0.7651098901098901 0.6112637362637363 0.771978021978022 0.7802197802197803 0.6304945054945055 0.7802197802197803
1 0.5453296703296703 0.9423076923076923 0.5343406593406593 0.8379120879120879 0.5879120879120879 0.8310439560439561 0.5851648351648352 0.815934065934066 0.6964285714285714 0.8076923076923077 0.7472527472527473 0.8145604395604396 0.7445054945054946 0.8997252747252747 0.6401098901098901 0.907967032967033 0.6401098901098901 0.9395604395604396 0.5604395604395604 0.9436813186813187
