1 0.11675824175824175 0.6181318681318682 0.18956043956043955 0.5879120879120879 0.14972527472527472 0.4958791208791209 0.07142857142857142 0.5274725274725275
1 0.005494505494505495 0.8612637362637363 0.09752747252747254 0.8543956043956044 0.09340659340659341 0.7074175824175825 0.0 0.7142857142857143
1 0.0027472527472527475 0.8956043956043956 0.07142857142857142 0.8956043956043956 0.06868131868131869 0.989010989010989 0.005494505494505495 0.9917582417582418
1 0.004120879120879121 0.6785714285714286 0.06456043956043957 0.6785714285714286 0.06593406593406594 0.5755494505494505 0.0027472527472527475 0.5686813186813187
1 0.0027472527472527475 0.47527472527472525 0.04532967032967033 0.47252747252747246 0.0412087912087912 0.3626373626373626 0.004120879120879121 0.3626373626373626
1 0.03708791208791209 0.25686813186813184 0.13186813186813187 0.17857142857142858 0.050824175824175824 0.07005494505494506 0.0013736263736263737 0.10164835164835165 0.0 0.2184065934065934
1 0.2239010989010989 0.1662087912087912 0.29395604395604397 0.25274725274725274 0.4601648351648351 0.12087912087912088 0.3914835164835165 0.03708791208791209
1 0.40247252747252754 0.2664835164835165 0.5096153846153846 0.39697802197802196 0.625 0.5906593406593407 0.8214285714285714 0.5989010989010989 0.8173076923076923 0.44642857142857145 0.6771978021978022 0.27197802197802196 0.5604395604395604 0.1401098901098901
1 0.5879120879120879 0.6263736263736264 0.5947802197802198 0.8131868131868132 0.8021978021978022 0.8104395604395604 0.7884615384615384 0.614010989010989
1 0.5576923076923077 0.8461538461538461 0.5590659340659341 0.9354395604395604 0.5879120879120879 0.934065934065934 0.5865384615384616 0.9793956043956044 0.7225274725274725 0.9766483516483517 0.7225274725274725 0.9491758241758241 0.7431318681318682 0.9491758241758241 0.7362637362637363 0.8365384615384616
