1 0.2967032967032967 0.6112637362637363 0.44642857142857145 0.49313186813186816 0.4065934065934066 0.4423076923076923 0.3804945054945055 0.4615384615384615 0.33379120879120877 0.40384615384615385 0.18543956043956045 0.4134615384615385 0.1510989010989011 0.45879120879120877
1 0.4532967032967033 0.8186813186813187 0.657967032967033 0.6428571428571429 0.5810439560439561 0.48214285714285715 0.3516483516483517 0.6703296703296702
1 0.6703296703296702 0.6195054945054945 0.7486263736263736 0.6153846153846154 0.7431318681318682 0.467032967032967 0.7005494505494505 0.4642857142857143 0.7005494505494505 0.4519230769230769 0.6373626373626373 0.4546703296703296 0.6483516483516483 0.5659340659340659 0.6662087912087913 0.570054945054945
1 0.8076923076923077 0.6057692307692307 0.8035714285714286 0.5618131868131868 0.7815934065934066 0.5604395604395604 0.7760989010989011 0.4574175824175824 0.7884615384615384 0.45054945054945056 0.8173076923076923 0.45054945054945056 0.8461538461538461 0.45054945054945056 0.8791208791208791 0.4532967032967033 0.8928571428571429 0.5151098901098901 0.8928571428571429 0.5618131868131868 0.8846153846153846 0.5741758241758241 0.8846153846153846 0.5961538461538461 0.8846153846153846 0.6043956043956044
1 0.9258241758241759 0.6208791208791209 0.9175824175824175 0.4574175824175824 0.9862637362637363 0.45604395604395603 0.9986263736263736 0.4574175824175824 0.9986263736263736 0.6153846153846154
1 0.7005494505494505 0.9972527472527473 0.6634615384615384 0.9505494505494505 0.7403846153846154 0.8832417582417582 0.7568681318681318 0.9024725274725275 0.8049450549450551 0.8571428571428571 0.8475274725274725 0.923076923076923 0.7513977721497253 0.999503670157967
1 0.39560439560439564 0.06043956043956044 0.40247252747252754 0.0027472527472527475 0.2184065934065934 0.0013736263736263737 0.2184065934065934 0.028846153846153844 0.26373626373626374 0.04532967032967033 0.2692307692307692 0.06318681318681318
1 0.7472533274091349 0.07967032967032966 0.83241816257397 0.07554945054945054 0.828297283453091 4.440892098500626e-18 0.7390115691673766 0.0027472527472527527
1 0.4670329698629982 0.07967032967032966 0.5521978050278333 0.07554945054945054 0.5480769259069542 -2.7755575615628914e-19 0.4587912116212399 0.0027472527472527475
1 0.6030222610250939 0.07967032967032966 0.6881870961899291 0.07554945054945054 0.68406621706905 5.551115123125783e-19 0.5947805027833357 0.0027472527472527488
1 0.8571428571428571 0.004120879120879121 0.8653846153846154 0.06593406593406594 0.9945054945054946 0.054945054945054944 0.9958791208791209 0.005494505494505495
